5999.874086             0.237795            -66.606115
6009.886175             0.234467            -66.256223
6019.907085             0.232305            -66.123812
6039.849975             0.228363            -65.912863
6049.957573             0.226298            -65.711474
6059.751666             0.224275            -65.615070
6069.910370             0.222311            -65.644344
6079.937233             0.220357            -65.479021
6089.759642             0.218419            -65.310991
6099.738293             0.216448            -65.158234
6109.860822             0.214585            -65.084197
6119.777616             0.212601            -64.966814
6129.861337             0.210718            -64.846498
6139.899463             0.208813            -64.733985
6149.978600             0.206820            -64.589541
6159.826923             0.204978            -64.388618
6169.883430             0.203058            -64.190453
6189.780227             0.199311            -63.938835
6199.774643             0.197485            -63.707888
6209.924695             0.195648            -63.648701
6219.774387             0.193783            -63.496621
6229.856848             0.191881            -63.264439
6239.912540             0.190025            -63.009239
6249.789223             0.188121            -62.938730
6259.894229             0.186381            -62.848217
6269.925438             0.184482            -62.601619
6279.799207             0.182673            -62.441852
6289.842473             0.180877            -62.081890
6299.965806             0.179031            -62.013538
6309.860266             0.177228            -61.672162
6319.845988             0.175496            -61.568966
6329.868157             0.173702            -61.300644
6340.025502             0.171884            -61.231597
6349.875725             0.170132            -61.007075
6359.885875             0.168422            -60.692161
6369.929230             0.166513            -60.552029
6379.707557             0.164747            -60.145498
6389.841305             0.163063            -59.967867
6399.905095             0.161248            -59.685530
6409.864001             0.159611            -59.519523
6419.805377             0.157880            -59.144442
6429.893049             0.156035            -59.012226
6439.751169             0.154445            -58.638927
6449.829088             0.152656            -58.271981
6459.878194             0.150989            -58.074746
6469.917629             0.149334            -57.794923
6479.840804             0.147638            -57.510411
6489.771856             0.145988            -57.107915
6499.958848             0.144316            -56.905970
6509.880152             0.142633            -56.584630
6519.785643             0.141020            -56.173332
6529.830663             0.139355            -55.850495
6539.907710             0.137796            -55.706308
6549.866059             0.136161            -55.200477
6560.004902             0.134518            -54.986019
6569.769441             0.133042            -54.584653
6579.658024             0.131299            -53.964871
6589.873991             0.129816            -53.696964
6599.761996             0.128206            -53.345780
6609.894266             0.126642            -52.922198
6619.883744             0.125147            -52.401150
6629.945774             0.123600            -51.969381
6639.783612             0.122077            -51.633948
6649.883165             0.120532            -51.174601
6659.911592             0.119075            -50.659700
6669.791557             0.117625            -50.203935
6679.807142             0.116114            -49.633976
6689.989447             0.114695            -49.313616
6699.835359             0.113209            -48.655433
6709.805551             0.111754            -48.080791
6719.933041             0.110356            -47.779403
6729.899305             0.108933            -47.186623
6739.934656             0.107547            -46.648955
6750.086739             0.106192            -45.935539
6759.741722             0.104800            -45.393560
6769.867909             0.103467            -44.767873
6779.837591             0.102106            -44.038472
6789.999930             0.100771            -43.567047
6799.831171             0.099505            -42.682709
6810.013737             0.098220            -42.112596
6819.966703             0.096978            -41.303835
6829.916206             0.095679            -40.746254
6839.866745             0.094551            -39.914953
6849.931737             0.093426            -39.127838
6859.809316             0.092130            -38.369452
6869.885348             0.090941            -37.525211
6879.840156             0.089818            -36.792135
6889.780742             0.088721            -35.871476
6899.879030             0.087530            -35.104756
6909.943465             0.086576            -34.241211
6919.771389             0.085481            -33.336557
6929.799035             0.084412            -32.331553
6940.046897             0.083442            -31.424509
6949.929974             0.082478            -30.343776
6959.820699             0.081488            -29.454608
6969.809851             0.080711            -28.297751
6979.954042             0.079781            -27.420019
6989.793939             0.078884            -26.327603
6999.953423             0.077986            -25.226841
7010.101474             0.077239            -24.216493
7019.926660             0.076483            -23.083412
7029.827812             0.075720            -21.911657
7039.998946             0.075090            -20.725598
7049.678184             0.074396            -19.531603
7059.766499             0.073754            -18.313028
7069.873326             0.073253            -17.083895
7079.851323             0.072655            -16.004335
7089.832035             0.072159            -14.724184
7099.739415             0.071624            -13.304425
7109.862720             0.071186            -12.069691
7119.826169             0.070757            -10.847622
7129.840035             0.070446            -9.375322
7139.839420             0.070177            -7.993495
7149.873745             0.069802            -6.807005
7169.999902             0.069366            -4.233340
7179.686587             0.069275            -2.709954
7189.670266             0.069146            -1.251652
7199.943941             0.069007            -0.274434
7209.810707             0.069024            1.276956
7219.824015             0.069043            2.689850
7229.763283             0.069092            4.147545
7239.799499             0.069111            5.332680
7250.090293             0.069305            6.360906
7259.758419             0.069463            8.098647
7269.907038             0.069652            9.467684
7279.796654             0.069867            10.639963
7289.832240             0.070263            11.927682
7299.830237             0.070561            13.385810
7319.877171             0.071285            15.709745
7330.023554             0.071709            16.915494
7339.772573             0.072110            18.186757
7349.787244             0.072676            19.539731
7359.788103             0.073194            20.852835
7369.925557             0.073720            21.727825
7379.886771             0.074295            22.939341
7389.882948             0.074941            24.200187
7399.712154             0.075582            25.200129
7409.707716             0.076282            26.285543
7419.950691             0.077018            27.275336
7429.718877             0.077713            28.549492
7439.883920             0.078484            29.263123
7449.875506             0.079201            30.333858
7459.841587             0.080131            31.383945
7469.601131             0.080929            32.442117
7479.871410             0.081762            33.172226
7489.812851             0.082621            34.295408
7499.657424             0.083532            35.177827
7510.030097             0.084451            35.813057
7520.124232             0.085434            36.512435
7529.836537             0.086366            37.556380
7539.856885             0.087272            38.440643
7549.993913             0.088397            39.208912
7559.746662             0.089321            39.978323
7569.809317             0.090253            40.642351
7579.964276             0.091377            41.283419
7589.964803             0.092502            42.063047
7599.768233             0.093549            42.846945
7610.005098             0.094654            43.419221
7619.936117             0.095624            44.164303
7629.749731             0.096802            44.778205
7639.791200             0.097882            45.479405
7649.914359             0.099077            46.078551
7659.877975             0.100189            46.561031
7669.943405             0.101314            47.107559
7679.970227             0.102509            47.732372
7689.618392             0.103713            48.524880
7699.782052             0.104792            48.960282
7709.783062             0.106042            49.486996
7719.763717             0.107236            49.925464
7729.836566             0.108460            50.348950
7739.948289             0.109554            50.907470
7749.712662             0.110747            51.346292
7759.733596             0.111931            51.931883
7769.726021             0.113195            52.306076
7779.909923             0.114497            52.706104
7789.888311             0.115722            53.040251
7799.747004             0.116935            53.680190
7809.879289             0.118273            53.971065
7819.661536             0.119441            54.398625
7829.730178             0.120672            54.851907
7839.928677             0.121982            55.088041
7849.859167             0.123212            55.470651
7859.827778             0.124452            55.886024
7869.924324             0.125722            56.180646
7889.800754             0.128371            56.881918
7899.965193             0.129618            57.187458
7909.727145             0.130837            57.549183
7919.866022             0.132186            57.769389
7929.912350             0.133442            58.064297
7940.063944             0.134730            58.489585
7949.748637             0.136028            58.743038
7959.814535             0.137377            59.079751
7969.899155             0.138715            59.343790
7979.800609             0.140045            59.617732
7989.743248             0.141346            59.946331
7999.922790             0.142644            60.005724
8009.785070             0.143929            60.520984
8019.884445             0.145262            60.592029
8039.704222             0.147939            61.126271
8049.845185             0.149173            61.448290
8059.854000             0.150493            61.639520
8069.719369             0.151767            61.963733
8079.794634             0.153161            62.130489
8089.855561             0.154481            62.242008
8099.900465             0.155863            62.415802
8109.806510             0.157107            62.655218
8119.824472             0.158509            63.005960
8129.897731             0.159797            63.178047
8139.757803             0.161167            63.297614
8149.872281             0.162393            63.412390
8159.907535             0.163723            63.585930
8169.823527             0.165087            63.823219
8179.819799             0.166414            64.106478
8189.915807             0.167799            64.174528
8199.794670             0.169140            64.351988
8209.854092             0.170518            64.552514
8219.843547             0.171830            64.751805
8229.737644             0.173154            64.984229
8239.826185             0.174451            65.051530
8249.824891             0.175881            65.230254
8259.842638             0.177109            65.462964
8269.691171             0.178488            65.569923
8279.917008             0.179805            65.574213
8290.011422             0.181170            65.729431
8299.786343             0.182540            66.029662
8309.923805             0.183808            66.129657
8319.926494             0.185207            66.225579
8329.687042             0.186468            66.447227
8339.850105             0.187866            66.430002
8349.829976             0.189213            66.628887
8359.758939             0.190493            66.791571
8369.821834             0.191888            66.927148
8379.875626             0.193158            67.082191
8389.750413             0.194552            67.173015
8399.830987             0.195911            67.280508
8409.822678             0.197194            67.378403
8419.945155             0.198557            67.491217
8429.766343             0.199923            67.653192
8439.879404             0.201222            67.705269
8449.958478             0.202501            67.796487
8459.838896             0.203942            67.856523
8469.874363             0.205253            67.940354
8479.988801             0.206526            67.994294
8489.762476             0.207921            68.239800
8499.797986             0.209149            68.298972
8509.886755             0.210608            68.494869
8519.658366             0.211886            68.529411
8529.815317             0.213240            68.610923
8539.832812             0.214549            68.803622
8549.753607             0.215930            68.823900
8559.864493             0.217245            68.871691
8569.841904             0.218474            69.015512
8579.919532             0.219830            69.094889
8589.772390             0.221178            69.139897
8599.802683             0.222469            69.265554
8609.877502             0.223802            69.299928