0.187560
0.203899
0.219654
0.235185
0.250265
0.265043
0.279384
0.293181
0.306648
0.332496
0.344640
0.356507
0.367907
0.379057
0.389819
0.400109
0.410129
0.419810
0.429188
0.438253
0.446819
0.455256
0.463566
0.471418
0.479050
0.486445
0.493645
0.500671
0.507390
0.513872
0.520282
0.526376
0.532433
0.538263
0.544056
0.549615
0.555039
0.560296
0.565407
0.570526
0.575402
0.580312
0.585037
0.589660
0.594149
0.598600
0.602922
0.607304
0.611494
0.615641
0.619854
0.623742
0.627707
0.631708
0.635568
0.639332
0.643026
0.646725
0.650350
0.654045
0.661127
0.664688
0.668264
0.671619
0.675110
0.678508
0.681847
0.685183
0.688465
0.691838
0.695139
0.698431
0.701726
0.704721
0.708025
0.711220
0.714392
0.717540
0.720596
0.723760
0.726893
0.729995
0.733098
0.736167
0.739266
0.742358
0.745386
0.748561
0.754557
0.757523
0.760490
0.763567
0.766596
0.769561
0.772594
0.775645
0.778508
0.781573
0.784476
0.787492
0.790467
0.793407
0.799325
0.805185
0.808124
0.811078
0.814040
0.816937
0.819849
0.822802
0.825762
0.828710
0.831598
0.834479
0.837448
0.840320
0.843315
0.846168
0.849043
0.851958
0.854872
0.857771
0.860534
0.863555
0.866450
0.872200
0.875104
0.878006
0.880976
0.883826
0.886741
0.889525
0.892391
0.895354
0.898094
0.901004
0.903946
0.906842
0.909730
0.912459
0.918125
0.921023
0.923841
0.926808
0.929540
0.932457
0.935265
0.940912
0.943768
0.946564
0.949360
0.952212
0.955039
0.957799
0.960795
0.963474
0.966339
0.969122
0.972031
0.974870
0.977574
0.980330
0.983067
0.985924
0.988703
0.991552
0.994323
0.997065
0.999852
1.005317
1.008116
1.010910
1.013692
1.016412
1.019215
1.021835
1.024750
1.027417
1.030166
1.032963
1.035680
1.038274
1.041033
1.046545
1.049206
1.051953
1.054660
1.057405
1.060047
1.062774
1.065417
1.068021
1.070781
1.073470
1.076177
1.078793
1.081494
1.084217
1.086755
1.089394
1.092094
1.094758
1.097366
1.099992
1.102660
1.105239
1.107876
1.110512
1.113089
1.115778
1.118295
1.123439
1.126123
1.128667
1.131305
1.133767
1.136409
1.138838
1.141479
1.144001
1.146559
1.149070
1.151613
1.154123
1.156796
1.159219
1.161796
1.164272
1.166848
1.169530
1.171889
1.174345
1.179363
1.181719
1.184234
1.186731
1.189223
1.191582
1.194017
1.196470
1.198930
1.201314
1.203935
1.206150
1.208657
1.211074
1.213481
1.215895
1.218228
1.220676
1.223072
1.225551
1.227932
1.230268
1.232589
1.235072
1.237320
1.239668
1.242058
1.244382
1.246569
1.249162
1.251340
1.253658
1.256028
1.258298
1.260530
1.262820
1.265133
1.267415
1.269674
1.271835
1.274155
1.278711
1.280990
1.283350
1.285470
1.287716
1.289918
1.292153
1.296596
1.298781
1.300966
1.303200
1.305311
1.307583
1.309825
1.314151
1.316264
1.318448
1.320621
1.322738
1.324940
1.327100
1.329240
1.331333
1.333386
1.335537
1.337572
1.339722
1.341955
1.346033
1.348075
1.350211
1.352172
1.354261
1.356370
1.358283
1.360508
1.362394
1.364399
1.366450
1.368447
1.370710
1.372563
1.376561
1.378444
1.380600
1.382549
1.384459
1.386472
1.388517
1.390387
1.392352
1.394296
1.396226
1.398164
1.400190
1.402125
1.403950
1.405916
1.407861
1.409734
1.411618
1.413615
1.415458
1.419284
1.421005
1.423017
1.424857
1.426750
1.428618
1.430510
1.432289
1.434062
1.436067
1.437969
1.439811
1.441440
1.443398
1.445090
1.446937
1.448767
1.450594
1.452283
1.454286
1.456025
1.457629
1.459495
1.461217
1.462925
1.464688
1.466516
1.468252
1.469957
1.471765
1.473488
1.475182
1.476819
1.478507
1.480266
1.481946
1.483750
1.485333
1.487026
1.488752
1.490394
1.492159
1.495411
1.497107
1.498760
1.500381
1.502071
1.503665
1.505324
1.506995
1.508594
1.510320
1.511940
1.513586
1.515055
1.516739
1.518317
1.521393
1.523046
1.524719
1.526286
1.527699
1.529392
1.530946
1.534054
1.535563
1.537155
1.538699
1.540241
1.541729
1.543293
1.546336
1.547811
1.549366
1.550851
1.552500
1.553803
1.555297
1.556715
1.558267
1.559727
1.561278
1.562651
1.564182
1.565610
1.567115
1.568487
1.570080
1.571313
1.572960
1.574317
1.575702
1.577232
1.578778
1.580011
1.581564
1.582952
1.584288
1.585716
1.587078
1.588537
1.590037
1.591322
1.592791
1.594089
1.595471
1.596859
1.598234
1.599562
1.600905
1.602313
1.603708
1.604922
1.606301
1.607620
1.608926
1.610307
1.611670
1.612828
1.614227
1.615631
1.616879
1.618263
1.619531
1.620806
1.622110
1.624595
1.625896
1.627157
1.628475
1.629759
1.630826
1.632368
1.633502
1.636104
1.637473
1.638576
1.639731
1.640925
1.642222
1.643453
1.644713
1.645979
1.647195
1.648511
1.649538
1.650795
1.652065
1.653256
1.654494
1.655684
1.656800
1.658023
1.659126
1.660299
1.661599
1.662702
1.663936
1.665124
1.666179
1.667421
1.668453
1.669755
1.670817
1.671909
1.673123
1.674231
1.675280
1.676587
1.677660
1.678778
1.679966
1.681067
1.682111
1.683151
1.685466
1.686581
1.687616
1.688697
1.689801
1.690844
1.692082
1.694114
1.695123
1.696462
1.697476
1.698367
1.699488
1.700525
1.701591
1.702590
1.703592
1.704751
1.705754
1.706800
1.707931
1.708888
1.709875
1.710917
1.712076
1.713024
1.713960
1.716062
1.716997
1.718128
1.719123
1.720347
1.721170
1.722157
1.723114
1.724129
1.725090
1.726011
1.727067
1.728240
1.728995
1.730000
1.730868
1.731971
1.732936
1.733824
1.734791
1.735735
1.736781
1.737783
1.738722
1.739565
1.740667
1.741557
1.742411
1.743403
1.744307
1.745263
1.746073
1.747163
1.747977