-16.540700
-17.837802
-19.321518
-20.778444
-22.080673
-23.331961
-24.681549
-27.311966
-28.514102
-29.784805
-30.985372
-32.098837
-33.218939
-34.338341
-35.428276
-36.479326
-37.538516
-38.524195
-39.532745
-40.453009
-41.253624
-42.301601
-43.186187
-44.053881
-44.808437
-45.614282
-46.450652
-47.233976
-48.018177
-48.748790
-49.494267
-50.833798
-51.504244
-52.154554
-52.782327
-53.440832
-54.047403
-54.568704
-55.215452
-55.725528
-56.249579
-56.798069
-57.304448
-57.802098
-58.223174
-58.758478
-59.305872
-59.684342
-60.192722
-60.553257
-60.941029
-61.328079
-61.783420
-62.210407
-62.525303
-62.959902
-63.281632
-63.615716
-63.980905
-64.270241
-64.541657
-64.932659
-65.295074
-65.423700
-65.653787
-66.070348
-66.493239
-66.757488
-67.029988
-67.289626
-67.580898
-67.614602
-67.835284
-68.099197
-68.278780
-68.380137
-68.549063
-68.747258
-68.829699
-68.959231
-69.113755
-69.224644
-69.413472
-69.443305
-69.524980
-69.521996
-69.546687
-69.540476
-69.628542
-69.545632
-69.632376
-69.469417
-69.391393
-69.411797
-69.253133
-69.128065
-69.016742
-68.843762
-68.606928
-68.451981
-68.141739
-67.836168
-67.649429
-67.233241
-66.828306
-66.286227
-65.766201
-65.228334
-64.437909
-63.896081
-62.979948
-62.155639
-61.227109
-60.084726
-58.758241
-57.365466
-55.985654
-54.122942
-52.099920
-49.624662
-47.358225
-44.199249
-40.951336
-37.068591
-32.935416
-28.264349
-22.763165
-16.893248
-10.710418
2.574980
9.009641
15.579913
21.659697
26.797478
31.935913
36.590939
40.313157
43.951835
46.904645
49.601056
51.867717
54.144831
55.860606
57.581219
59.130147
60.540398
61.722327
62.618742
63.666373
65.347636
66.086694
66.765668
67.446925
67.870260
68.347504
68.951257
69.543747
70.040027
70.305705
70.545286
70.835858
71.031383
71.412798
71.640985
71.827665
71.978982
72.063339
72.280306
72.389391
72.537543
72.715614
72.791240
72.888514
73.095231
73.023431
73.187736
73.095276
73.261246
73.293516
73.375897
73.457997
73.512564
73.635939
73.574707
73.600103
73.547909
73.620870
73.504437
73.579069
73.473278
73.669305
73.434613
73.452900
73.655224
73.573213
73.442337
73.647740
73.533738
73.270696
73.319336
73.410308
73.346375
73.266849
73.301527
73.089816
73.236871
73.239207
73.261193
72.987203
73.130814
72.984458
72.892358
72.900318
72.951675
72.696383
72.659803
72.745088
72.646882
72.513071
72.518180
72.502830
72.471806
72.394253
72.166155
72.196040
72.172450
72.246698
72.057403
71.983624
72.018692
71.789668
71.727815
71.715767
71.708888
71.580435
71.471216
71.599031
71.455879
71.320878
71.289103
71.185647
71.179307
71.072348
71.021708
70.918404
70.989788
70.833926
70.708467
70.813295
70.706326
70.524916
70.366523
70.362954
70.340390
70.316100
70.362632
70.072339
70.159843
70.113455
69.952727
69.855893
70.023026
69.896892
69.649906
69.729592
69.555984
69.592899
69.374923
69.452700
69.284940
69.246614
69.291537
69.149166
69.179351
69.036917
68.947136
68.996233
68.813625
68.912420
68.710437
68.757478
68.479420
68.558429
68.487373
68.172347
68.166282
68.133584
68.179428
68.014509
68.034157
67.908411
67.809641
67.733693
67.781729
67.586748
67.476050
67.463893
67.361186
67.535530
67.244898
67.233628
67.186516
67.082332
66.948670
66.972016
66.987353
66.899930
66.944068
66.856208
66.714975
66.613988
66.563356
66.378671
66.382298
66.269109
66.332550
66.367882
66.178162
66.037579
65.942166
66.069286
66.102486
66.018456
65.880777
65.769666
65.808801
65.691602
65.468320
65.556017
65.397052
65.172673
65.264155
65.133876
65.224807
65.046465
64.948367
65.063474
65.101061
64.683634
64.872037
64.808945
64.754805
64.662387
64.542653
64.651456
64.463343
64.278786
64.374361
64.334438
64.111732
64.244313
63.901818
64.013864
63.839791
63.853120
63.990512
63.809901
63.814099
63.872901
63.549945
63.623369
63.627444
63.490216
63.401395
63.452851
63.161179
63.257965
63.236142
63.262602
63.209463
63.216241
63.119764
62.913872
62.955175
62.759022
62.850588
62.913711
62.608669
62.366281
62.355474
62.304469
62.324301
62.333012
62.475684
62.335430
62.142092
61.990259
62.276619
62.280089
62.118119
61.807061
61.800279
61.881984
62.046471
61.766075
61.608067
61.562577
61.572906
61.716259
61.304221
61.629038
61.565817
61.484762
61.165856
61.501068
61.277857
61.208313
61.063705
61.326066
61.158209
60.864578
60.763720
61.046655
60.814772
60.738295
60.755477
60.844026
60.475099
60.616388
60.560217
60.612557
60.358559
60.386174
60.419578
60.215015
60.260634
60.324067
60.369192
60.161788
60.044302
60.088891
60.011167
59.759968
59.727663
59.850832
59.643810
59.818136
59.675670
59.745863
59.788845
59.450728
59.540604
59.622439
59.412891
59.185339
59.342832
59.201230
59.448718
59.241077
59.232185
58.973541
59.193734
58.956160
59.215364
59.111487
58.779554
59.003674
58.824521
58.619101
58.808500
58.834608
58.574066
58.660787
58.687394
58.457413
58.552714
58.546455
58.332745
58.306012
58.326660
58.227719
58.107131
58.037348
58.318624
58.066118
58.302399
58.262272
57.788018
57.954356
57.964824
57.994529
58.108102
57.941048
57.460919
57.590792
57.872228
57.716402
57.553480
57.570191
57.546882
57.523705
57.390448
57.475777
57.304012
57.572850
57.415958
57.277163
57.390728
57.155586
57.071074
57.102927
57.293181
57.022776
56.897025
56.884214
57.013600
56.852517
56.822660
56.767195
56.931266
56.981921
57.075171
56.670521
56.705327
56.908801
56.534226
56.650214
56.501044
56.719425
56.454304
56.626600
56.532783
56.279159
56.128096
56.196510
56.356182
56.470596
56.127557
56.317332
56.170474
55.886943
56.280551
56.041981
56.259296
55.922409
56.169117
55.952155
55.944239
55.724196
55.656118
55.664231
55.581126
55.806592
55.697281
55.441177
55.758337
55.889812
55.559502
55.512604
55.809484
55.631518
55.479852
55.586016
55.415155
55.098398
55.271980
55.434791
55.299901
55.227941
55.341338
55.290328