499.900531
550.001835
599.954567
650.074802
699.974901
750.074072
799.985774
900.017336
949.929206
1000.034282
1049.957445
1100.056613
1149.972263
1199.887096
1249.992651
1299.920634
1350.023668
1399.936217
1450.030261
1499.964970
1549.864852
1599.971139
1649.890343
1700.004130
1749.928667
1800.032078
1849.933906
1900.047973
1949.965328
1999.892599
2049.991434
2150.000557
2199.919338
2250.025320
2299.953299
2349.857161
2399.956296
2449.890386
2499.982501
2549.908789
2600.003042
2649.933871
2700.041069
2749.952124
2799.858223
2849.995213
2899.897079
2950.000488
2999.922093
3050.011149
3099.927991
3149.846559
3199.959830
3249.873043
3299.974169
3349.899551
3400.001778
3449.914918
3499.828782
3549.938894
3599.854717
3649.952685
3699.892172
3749.989286
3799.880535
3850.009902
3949.872894
3999.935762
4049.854759
4099.960932
4149.878643
4199.971766
4249.891822
4299.848960
4349.920034
4399.861965
4449.959877
4499.880391
4549.955824
4599.915486
4649.816226
4749.810474
4799.914866
4849.878082
4899.935262
4949.880374
4999.982798
5049.874043
5099.834101
5149.937066
5199.838779
5249.900020
5299.845399
5349.946549
5399.897367
5449.813680
5499.868198
5549.804176
5599.926257
5649.841115
5699.922918
5749.851363
5800.011968
5849.868999
5899.805159
5949.887776
5999.874580
6049.942913
6099.742296
6149.985555
6199.772221
6249.673708
6299.892495
6349.824007
6399.890955
6449.797663
6500.003219
6549.911591
6599.772072
6649.848870
6699.796597
6749.896633
6799.862169
6849.797996
6899.769418
6950.055650
6999.933105
7049.763696
7099.852377
7199.913410
7250.140586
7299.882669
7349.723345
7399.988131
7449.952921
7499.655635
7549.788314
7599.730457
7649.855048
7699.801233
7749.758719
7799.775219
7849.742597
7899.895151
7949.765489
7999.968916
8049.792330
8099.895473
8149.775259
8249.928501
8299.796007
8349.828032
8399.784069
8449.915361
8499.819847
8549.669865
8649.769805
8699.859981
8749.796692
8799.905048
8849.864753
8899.905923
8949.829616
8999.724330
9049.840087
9099.768846
9149.832069
9199.770214
9249.866091
9299.781534
9349.747977
9399.824421
9449.716601
9499.820725
9549.756995
9599.843903
9649.774725
9749.826603
9799.722027
9849.845640
9899.708402
9949.877025
9999.791521
10049.894493
10099.764683
10149.756270
10199.821350
10249.726347
10299.793836
10349.761964
10399.861483
10449.781421
10499.644004
10549.804148
10599.727980
10649.824413
10699.722189
10749.821653
10799.762940
10849.680729
10899.779686
10949.717371
10999.816193
11049.716816
11099.834624
11149.728255
11199.844974
11249.770938
11299.697661
11349.768281
11399.706307
11449.802885
11499.706430
11549.833722
11649.696688
11699.760752
11749.692147
11799.772220
11849.721705
11899.802170
11949.742865
12049.755522
12099.665370
12149.770354
12199.718501
12249.814376
12299.707016
12349.812605
12449.660529
12499.784024
12549.685398
12599.773815
12649.707294
12699.799952
12749.732992
12799.650925
12849.726201
12899.647271
12949.769597
12999.692101
13049.795931
13099.697016
13199.726739
13249.665284
13299.742424
13349.660842
13399.785106
13449.693061
13499.792754
13549.699499
13599.619687
13649.727820
13699.623958
13749.745716
13799.660339
13849.780044
13899.692779
13949.590126
13999.728696
14049.629307
14099.734876
14149.643598
14199.759869
14249.678759
14299.788845
14349.695856
14399.627054
14449.719578
14499.632476
14549.739956
14599.672188
14649.761903
14699.661460
14749.612426
14799.708712
14849.624543
14899.731253
14999.756182
15049.655012
15099.764784
15149.683728
15199.601932
15249.700218
15299.626150
15399.646954
15449.751473
15499.672056
15549.595959
15599.688114
15649.596358
15699.705694
15749.640235
15799.725263
15849.653904
15899.571524
15949.677711
15999.594249
16099.598657
16149.722893
16199.649488
16249.757660
16299.653787
16349.581099
16399.677091
16449.590782
16499.714151
16549.620682
16599.726961
16649.641176
16699.576674
16749.670174
16849.693173
16899.611952
16949.718506
16999.627553
17049.548315
17099.672787
17149.570215
17199.676663
17249.589175
17299.708082
17349.623003
17399.716492
17449.636454
17499.559950
17549.644084
17649.674920
17699.594180
17749.711547
17799.613433
17849.527508
17899.638267
17949.559418
18049.582709
18099.681223
18149.589853
18199.710827
18249.633992
18299.536901
18349.630689
18399.563202
18449.675724
18499.597970
18549.683454
18599.604679
18649.524841
18699.620912
18799.644058
18849.565203
18899.669818
18949.583392
18999.507380
19049.618237
19099.522593
19149.632160
19199.566664
19249.676042
19299.569306
19349.684547
19399.605548
19449.517665
19549.532876
19599.648688
19649.553464
19699.655009
19749.570090
19799.490839
19849.597340
19899.524007
19949.632895
19999.529788
20049.650582
20099.567067
20149.488365
20199.578786
20299.597911
20349.523251
20399.627536
20449.552603
20499.647087
20549.570449
20599.483154
20649.598549
20699.509606
20749.616811
20799.532424
20849.637323
20899.546696
20949.481774
20999.579916
21049.499883
21099.601947
21149.510348
21199.619273
21249.524013
21299.642150
21349.562675
21399.479784
21449.580640
21499.487626
21549.601795
21599.515948
21649.621108
21699.549767
21749.433833
21799.558269
21849.486141
21899.575636
21999.603456
22049.524299
22099.438338
22149.541782
22199.463788
22249.578570
22299.488187
22399.506240
22449.613193
22499.530268
22549.452992
22599.546283
22649.464835
22699.577457
22749.498408
22799.597576
22849.524675
22899.426813
22949.538427
22999.461701
23049.554349
23149.580837
23199.499775
23249.415669
23299.513460
23349.439687
23399.543778
23449.460211
23549.472402
23599.582695
23649.500687
23699.411959
23749.524748
23799.446257
23849.556862
23949.571280
23999.500141
24049.406069
24099.511431
24149.429253
24199.525933
24249.463167
24299.554887
24349.469215
24399.582893
24449.482504
24499.417546
24549.518329
24599.428260
24699.458541
24749.566901
24799.477080
24849.390100
24899.495200
24949.417923
24999.525116
25049.434123
25099.544394
25149.453476
25199.379949
25249.478742
25299.394905
25349.502450
25399.420751
25449.536771
25499.447238
25549.542053
25599.461832
25649.392322
25699.490013
25749.406968
25799.513448
25849.418480
25899.532394
25949.442159
25999.379394
26049.470564
26149.494224
26199.398903
26249.514112
26299.426258
26349.350390
26399.444964
26449.382530
26499.491060
26549.391014
26599.502729
26649.417723
26699.511439
26749.439771
26799.360771
26849.457811
26949.483935
26999.400762
27049.503575
27099.421324
27149.338831
27199.446419
27249.352382
27299.469145
27349.378934
27399.483930
27449.408723
27499.518499
27549.427843
27599.341081
27649.450871
27699.367247
27749.461544
27799.394529
27849.494991
27899.410815
27949.333173
28049.339586
28099.449089
28149.374781
28199.470389
28249.399276
28299.313902
28349.426807
28449.436748
28499.354673
28549.462825
28599.378926
28649.488911
28699.405041
28749.318334
28799.418474
28849.342185
28899.439132
28949.363893
28999.469389
29049.383766
29099.306913
29199.323957
29249.422051
29299.333770
29349.455217
29399.364600
29449.286549
29499.390520
29599.416203
29649.331580
29699.433917
29749.344316
29799.454104
29849.369567
29899.287610
29949.408526
29999.333007
30049.420971
30099.333831
30149.434908