999.773432
1024.903533
1050.083238
1075.019480
1100.131659
1125.121182
1150.015069
1174.955285
1199.978991
1225.144673
1250.098985
1275.125072
1300.010043
1325.211858
1350.143263
1375.111701
1400.041953
1424.995195
1450.093257
1475.104367
1499.967907
1525.030820
1549.937112
1575.043040
1600.004730
1624.976472
1649.865820
1675.037446
1699.980413
1724.970495
1749.826145
1774.767327
1799.987262
1824.869693
1849.838294
1874.681826
1900.096400
1925.047116
1949.996069
1974.968359
1999.916930
2025.056412
2050.009989
2074.979343
2099.951711
2125.114146
2150.002891
2174.972025
2199.950203
2224.850190
2249.985264
2274.900214
2299.913361
2324.929376
2349.846991
2374.928166
2399.928035
2424.850451
2449.864134
2475.001977
2499.973186
2524.961148
2549.899412
2574.870118
2600.224400
2624.976604
2649.894672
2700.013382
2724.961700
2750.007665
2774.911840
2799.881288
2825.008849
2849.973296
2874.916744
2899.871901
2924.900307
2949.961415
2974.932153
2999.870708
3024.951451
3049.976792
3074.982971
3099.942838
3124.828292
3149.888525
3175.098160
3200.024495
3224.893350
3249.951230
3275.049218
3300.011283
3324.952645
3349.946142
3374.785687
3424.976504
3449.930395
3474.816782
3499.867961
3525.010055
3549.910078
3574.993661
3599.821894
3624.938499
3649.899160
3675.004681
3699.834296
3724.788193
3749.898112
3799.897482
3824.777082
3850.006551
3874.994326
3899.867823
3924.750830
3949.896023
3974.960746
3999.972632
4024.864483
4049.783768
4074.781413
4099.991491
4124.943896
4149.843425
4174.777792
4199.928906
4224.941383
4249.933744
4274.789805
4299.812828
4325.043607
4349.754926
4375.002969
4399.844104
4425.047525
4449.996108
4474.852963
4524.835836
4549.929221
4574.949688
4599.793955
4624.863214
4649.957832
4675.096142
4699.967091
4724.802637
4749.814678
4775.000190
4799.888109
4824.800409
4849.902189
4874.773578
4924.980675
4949.919972
4974.566123
4999.818796
5024.952830
5049.896798
5074.958867
5099.727222
5124.922510
5149.952031
5174.784415
5199.634537
5224.682656
5250.007065
5299.988532
5324.726595
5350.135073
5374.809348
5399.858646
5424.829846
5449.989057
5474.961541
5499.701745
5524.744118
5549.691804
5574.959898
5599.957664
5624.807427
5649.972924
5674.584958
5700.411255
5724.829757
5749.743719
5774.883022
5799.921877
5824.960378
5849.884487
5875.029996
5899.747373
5924.793418
5949.686473
5974.907684
6024.808555
6049.939978
6074.978158
6099.984242
6124.466171
6150.400280
6174.192791
6200.276279
6225.093702
6249.541868
6274.752335
6299.411357
6324.473942
6349.927168
6375.183041
6399.665979
6424.289725
6449.215589
6475.098578
6499.862896
6525.062198
6549.809722
6575.106148
6600.256705
6625.250384
6649.898369
6674.534860
6699.798879
6725.138623
6750.612475
6774.101302
6799.669620
6824.862835
6849.270806
6876.344071
6899.249305
6924.638918
6949.990764
6975.302254
7000.811190
7024.737519
7049.533264
7074.495418
7126.275489
7148.792782
7175.169908
7199.963253
7225.284130
7250.013179
7276.193771
7298.914648
7323.829860
7351.313980
7375.176183
7398.636656
7424.753436
7448.505932
7474.482822
7500.415073
7524.652970
7549.621730
7573.970579
7599.454802
7624.541256
7649.716457
7674.668067
7699.673238
7724.656900
7749.413053
7775.016653
7799.212047
7824.791646
7849.734739
7875.603292
7900.015752
7924.213621
7949.647955
7975.030236
7999.330019
8024.520487
8050.383754
8075.285042
8100.707138
8125.123782
8150.121247
8174.496376
8199.495248
8224.682209
8249.779227
8274.605503
8299.699531
8324.510960
8349.788749
8374.933062
8399.634985
8424.729925
8449.870776
8474.923014
8499.567405
8524.616022
8549.578817
8574.754634
8600.001032
8624.649268
8649.939759
8674.934550
8699.602008
8724.504728
8749.437635
8774.890133
8799.565556
8824.953047
8850.093769
8874.666568
8899.656815
8925.133677
8950.082484
8974.915696
8999.692117
9024.993493
9049.769188
9074.774161
9099.725974
9124.842109
9149.890373
9175.007675
9224.598272
9250.105145
9274.756380
9299.589602
9324.497059
9349.477623
9374.797184
9399.660782
9424.907191
9449.861090
9474.956370
9499.885805
9524.756470
9549.730928
9574.899031
9599.930841
9624.563691
9650.087790
9674.664944
9699.762160
9724.852785
9749.804252
9774.875844
9799.767212
9824.942595
9849.730664
9874.670239
9899.863560
9924.626267
9950.027931
9974.817512
9999.631399
10024.914654
10049.790200
10074.781722
10099.753541
10124.725352
10149.554824
10174.832464
10199.891966
10224.748198
10249.576605
10274.668707
10299.888037
10324.735460
10349.920127
10374.783703
10399.680326
10424.875618
10449.817037
10474.684309
10499.809609
10524.830363
10549.648493
10574.616732
10599.640046
10624.935514
10649.726302
10674.777165
10699.874008
10724.772847
10749.903507
10774.702371
10799.830034
10824.882916
10849.540154
10874.872839
10899.818555
10924.674619
10949.718661
10974.787543
10999.914752
11049.675496
11074.670653
11099.885164
11124.776676
11149.854869
11174.812641
11199.928482
11224.793183
11249.702695
11274.728871
11299.669061
11324.682111
11349.606943
11374.791844
11399.833169
11449.830265
11474.723682
11499.725852
11524.665718
11549.917550
11574.863358
11599.585860
11624.714753
11649.741762
11674.856006
11699.776742
11724.641593
11749.625548
11774.917074
11799.790061
11824.807438
11849.637626
11874.756357
11899.951669
11924.642596
11949.792412
11974.622996
11999.870946
12024.821650
12049.701184
12074.767228
12099.658195
12124.768622
12149.607834
12199.626254
12224.670442
12249.768399
12274.858816
12299.638560
12324.632344
12349.729103
12374.803386
12399.737701
12424.562679
12449.661576
12474.704568
12499.858585
12524.669334
12574.828762
12599.811034
12624.675749
12649.713371
12674.577745
12699.771849
12724.810883
12749.813238
12774.634238
12799.718029
12824.774471
12849.758629
12874.760817
12899.726713
12924.813220
12974.736721
12999.694896
13024.593558
13049.719108
13074.749397
13099.811925
13124.631784
13149.754275
13174.720085
13199.669303
13224.696703
13249.770117
13274.776242
13299.738068
13324.747238
13349.674250
13374.618147
13399.801744
13424.798401
13449.738339
13474.751429
13499.717517
13524.685966
13549.762641
13574.558417
13599.660550
13624.666786
13649.780982
13674.705929
13699.707383
13724.802044
13749.786925
13774.616918
13799.678309
13824.613111
13849.856553
13874.731172
13899.633166
13924.751087
13949.618766
13974.834175
13999.728894
14024.715748
14049.708280
14074.713143
14099.764130
14124.656252
14149.615276
14174.650786
14199.747572
14224.649767
14249.691643
14274.715278
14299.760743
14324.813828
14349.650051
14374.693950
14399.628142
14424.760623
14449.780197
14474.711165
14499.586156
14524.507738
14549.731615
14574.763803
14599.671441
14624.538908
14649.781809
14674.716629
14699.679856
14724.718257
14749.642032
14774.759457
14799.762617
14824.680854
14849.659534
14874.720693
14899.743001
14924.691117
14949.588695
14974.720091
14999.768713
15024.642914
15049.647794
15074.668899
15099.728799
15124.698713
15149.651218
15174.668491
15199.562246
15224.733685
15249.776737
15274.708286
15299.675274
15324.545796
15349.784559
15374.638815
15399.686784
15424.646798
15449.766301
15474.777893
15499.690503
15524.656950
15549.663366
15574.676331
15599.708382
15624.616705
15649.555257
15674.772607
15699.771527
15724.720978
15749.546107
15799.699557
15824.718953
15849.715994
15874.722943
15899.549958
15924.724322
15949.641591
15974.618401
15999.595503
16024.740924
16049.687321
16074.587492
16099.660886
16124.516165
16174.591320
16199.604093
16224.560270
16249.790444
16274.708711
16299.563378
16324.636845
16349.649161
16374.768873
16399.585469
16424.675602
16449.561472
16474.528813
16499.687122
16524.669296
16549.703768
16574.585999
16599.709840
16624.656375
16649.746300
16674.705879
16699.545697
16724.659619
16749.618433
16774.598013
16799.535680
16824.704467
16874.650809
16899.655582
16924.550774
16949.668334
16974.607590
16999.600282
17024.638507
17049.553117
17074.655124
17099.675245
17124.624531
17149.537393
17174.733199
17199.625209
17224.612679
17249.629306
17274.559549
17299.700571
17324.659002
17349.603041
17374.578220
17399.701174
17424.652124
17449.599668
17474.617438
17499.667340
17524.750235
17549.605760
17574.585750
17599.577287
17624.512501
17649.694259
17674.586039
17699.577480
17724.549244
17749.689728
17774.693184
17799.711818
17824.429856
17849.565691
17874.677393
17899.632899
17924.676650
17974.777540
17999.622861
18024.638764
18049.616852
18074.593807
18099.693080
18124.593004
18149.646103
18174.538460
18199.738764
18224.616141
18249.574003
18274.609547
18299.530396
18324.677665
18374.576266
18424.514567
18449.653512
18474.635439
18499.561033
18524.560191
18549.701359
18574.710665
18599.604152
18624.563930
18649.544444
18674.767463
18699.652567
18724.617729
18749.483100
18774.743089
18799.693512
18824.594337
18849.590097
18874.512236
18899.701798
18924.562075
18949.543144
18974.501408
18999.491945
19024.657743
19049.594359
19074.567370
19124.709608
19149.677910
19174.568069
19199.513577
19224.487894
19249.658686
19274.650183
19299.505543
19324.488430
19349.774234
19374.534185
19399.599056
19424.576356
19449.578784
19474.612869
19499.656921
19524.616064
19549.565811
19574.474984
19599.636009
19624.609974
19649.510798
19674.562123
19699.640742
19724.665646
19749.573720
19774.532441
19799.483625
19824.625844
19874.552056
19899.469419
19924.616303
19949.641569
19974.584409
19999.528578
20024.560123
20049.632651
20074.654361
20099.512117
20124.555135
20149.485044
20174.525198
20199.587304
20249.546197
20274.648234
20299.588519
20324.552918
20349.554142
20374.508740
20399.656081
20424.532999
20449.541035
20474.502972
20499.653619
20524.489574