499.911378
550.007993
599.945038
699.974582
750.077826
799.991132
849.908311
900.015888
949.933084
1000.037765
1049.947114
1100.053146
1149.971454
1199.893601
1249.989568
1299.913392
1350.019372
1399.936566
1450.037477
1549.869168
1599.981781
1649.899392
1700.002483
1749.912059
1800.023980
1849.934306
1900.041595
1999.877413
2049.983004
2099.899452
2150.008796
2199.923638
2250.021852
2299.945053
2349.865640
2399.965670
2449.886704
2499.991236
2549.903459
2600.009448
2649.931601
2700.034654
2749.952214
2799.869463
2849.978401
2899.892669
2949.999079
2999.906578
3099.935581
3149.851316
3199.952142
3249.869596
3299.979800
3349.895548
3399.998949
3449.918667
3549.937877
3599.855455
3649.960443
3699.878781
3749.978914
3799.904547
3850.009240
3949.842879
3999.947884
4049.866489
4099.966371
4149.881781
4199.990135
4249.910055
4299.827857
4349.926351
4399.850897
4449.954452
4499.877619
4549.969957
4599.889733
4649.808511
4699.908199
4749.825485
4799.930328
4849.848340
4899.952428
4949.872208
4999.979013
5099.816502
5149.916050
5199.840951
5249.938879
5299.857181
5349.957819
5399.878810
5449.799187
5499.898549
5549.815955
5599.921132
5649.844289
5699.946934
5749.861968
5799.968209
5899.800641
5949.906262
5999.815447
6049.929010
6099.848816
6149.948279
6199.870524
6249.792064
6349.809082
6399.910258
6449.830570
6499.943056
6549.848757
6599.763762
6649.875185
6699.791748
6749.896386
6799.812160
6849.921332
6899.837958
6949.939665
6999.859766
7049.773423
7149.793014
7199.900283
7249.817304
7299.924264
7349.837829
7399.758898
7449.861723
7499.784343
7549.883105
7599.805685
7649.906299
7699.825766
7749.737171
7799.847505
7849.766134
7899.871519
7949.783855
7999.896747
8049.802116
8099.913186
8149.827261
8199.749289
8299.763506
8349.874524
8399.788363
8449.891912
8499.821103
8549.725601
8599.836202
8649.755603
8699.861119
8749.775799
8799.877009
8849.799207
8899.899463
8949.820789
8999.736977
9049.843182
9099.750986
9149.864106
9199.778784
9249.887587
9299.797456
9349.723118
9399.825499
9449.747891
9499.854164
9549.770345
9599.868456
9649.789526
9699.708674
9749.815509
9799.729517
9849.839614
9899.746515
9949.856189
9999.777141
10049.865749
10099.791357
10149.709814
10199.823323
10249.736103
10349.752522
10399.854502
10449.781538
10499.695939
10549.791987
10599.712172
10649.818885
10699.736955
10749.837387
10799.753629
10849.676595
10899.787545
10949.700382
10999.805893
11099.828812
11149.741265
11199.847795
11249.764620
11299.680745
11349.784893
11399.698817
11449.804616
11499.729448
11549.833560
11599.746794
11649.669043
11699.771331
11749.690821
11799.795894
11849.711874
11899.810284
11949.730331
11999.829835
12049.760736
12099.674120
12199.690754
12249.797755
12299.715227
12349.820618
12399.737892
12449.646461
12499.758438
12549.674594
12599.777882
12649.705532
12699.803218
12749.722405
12799.643560
12849.739722
12899.665542
12949.762191
12999.688234
13049.781267
13099.700300
13149.807164
13199.727555
13299.749630
13349.665257
13399.767168
13449.689120
13499.800168
13549.710084
13599.623833
13699.647734
13749.752319
13799.671280
13849.770658
13899.693665
13949.612658
13999.711745
14099.738123
14149.655535
14199.754743
14249.674350
14299.780951
14349.703922
14399.617007
14499.633184
14549.735476
14599.664832
14649.761937
14699.677464
14749.606589
14799.703668
14849.619586
14899.727355
14949.658147
14999.750912
15049.662004
15099.770966
15149.689561
15199.604285
15249.710528
15299.627563
15349.738542
15399.647238
15449.750888
15499.664192
15549.588526
15599.690671
15649.615407
15699.721199
15749.629786
15799.737835
15849.658543
15899.570293
15949.681853
15999.598048
16049.701375
16099.618574
16149.716303
16199.643322
16249.755397
16299.664841
16349.584591
16399.677394
16449.604774
16499.703837
16599.719517
16649.640851
16699.566243
16749.663844
16799.594123
16849.691746
16899.610261
16999.634778
17049.548661
17099.655982
17149.565887
17199.672103
17249.596965
17299.706896
17399.722112
17449.629323
17499.542070
17549.657585
17599.577111
17649.673015
17699.602718
17749.709798
17849.529011
17899.636815
17949.553622
17999.670238
18049.574822
18099.683996
18149.594370
18199.716363
18249.625059
18299.538515
18349.647014
18399.557816
18449.664260
18549.690874
18599.604707
18649.524572
18699.628273
18749.543610
18799.648866
18849.568493
18899.668474
18949.586805
18999.502569
19049.613686
19099.522827
19149.640799
19199.550510
19299.575634
19349.678811
19399.589100
19449.522266
19499.620848
19549.532712
19599.638486
19649.551526
19699.660580
19749.574358
19799.504264
19849.594371
19899.518640
19949.623372
19999.535276
20049.648873
20099.557165
20149.477243
20199.587052
20249.498307
20299.599956
20349.520444
20399.626901
20449.541199
20499.644542
20549.571862
20599.486336
20649.595033
20699.506334
20749.611591
20799.527905
20849.632373
20899.557110
20949.470673
20999.572510
21049.498914
21099.601931
21149.507980
21199.619625
21249.534282
21299.633116
21349.558926
21399.470356
21449.577215
21499.494614
21549.598744
21599.522282
21649.630951
21699.536217
21749.454273
21799.567104
21849.486053
21899.592384
21949.509365
22049.525801
22099.446234
22149.554192
22199.468969
22249.576595
22299.491475
22349.584573
22449.611522
22499.533951
22549.446713
22599.551299
22649.464733
22699.574635
22749.491197
22799.601004
22849.514708
22899.432902
22949.532794
22999.446455
23049.569207
23149.574840
23199.493848
23249.414969
23299.512346
23349.438756
23399.540368
23449.457398
23499.567454
23549.489487
23599.575427
23649.500295
23699.421343
23749.529344
23799.447251
23849.546003
23899.470898
23949.563714
23999.487020
24049.402367
24099.506034
24149.423233
24199.532793
24249.436844
24299.553574
24349.468200
24399.575986
24449.490899
24499.417414
24549.523290
24599.431632
24649.536467
24699.452254
24749.556106
24799.472032
24899.505214
24949.418774
24999.518236
25049.440823
25099.541053
25149.456349
25199.377593
25249.482401
25299.399769
25349.502434
25399.428606
25449.531338
25499.444961
25549.547899
25599.462389
25649.382524
25699.488384
25749.413110
25799.510710
25849.429847
25899.521870
25949.449801
25999.365503
26049.469485
26099.380107
26149.492385
26199.419428
26299.424215
26349.345063
26399.456637
26449.368017
26499.476659
26549.390702
26599.497377
26649.416773
26699.518589
26749.444739
26799.354266
26849.456789
26899.377563
26949.490025
26999.402407
27049.497785
27099.420378
27149.337184
27199.436363
27249.369333
27299.460150
27349.376363
27399.484323
27449.415901
27499.515142
27549.428310
27599.345188
27649.439770
27699.371664
27749.465028
27799.392200
27849.499679
27899.411372
27949.327720
28049.361016
28099.453167
28149.380281
28199.475757
28249.390586
28299.310668
28349.417116
28399.336054
28449.433385
28499.357670
28549.458147
28599.379286
28649.485072
28699.396440
28749.316104
28799.412278
28849.349567
28899.443300
28949.371142
28999.453740
29049.388172
29099.297721
29149.411357
29199.324593
29249.422013
29299.344011
29349.446640
29399.370863
29449.286639
29549.301695
29599.409978
29649.328021
29699.424585
29749.342715
29799.463833
29849.370882