5999.874086
6009.886175
6019.907085
6039.849975
6049.957573
6059.751666
6069.910370
6079.937233
6089.759642
6099.738293
6109.860822
6119.777616
6129.861337
6139.899463
6149.978600
6159.826923
6169.883430
6189.780227
6199.774643
6209.924695
6219.774387
6229.856848
6239.912540
6249.789223
6259.894229
6269.925438
6279.799207
6289.842473
6299.965806
6309.860266
6319.845988
6329.868157
6340.025502
6349.875725
6359.885875
6369.929230
6379.707557
6389.841305
6399.905095
6409.864001
6419.805377
6429.893049
6439.751169
6449.829088
6459.878194
6469.917629
6479.840804
6489.771856
6499.958848
6509.880152
6519.785643
6529.830663
6539.907710
6549.866059
6560.004902
6569.769441
6579.658024
6589.873991
6599.761996
6609.894266
6619.883744
6629.945774
6639.783612
6649.883165
6659.911592
6669.791557
6679.807142
6689.989447
6699.835359
6709.805551
6719.933041
6729.899305
6739.934656
6750.086739
6759.741722
6769.867909
6779.837591
6789.999930
6799.831171
6810.013737
6819.966703
6829.916206
6839.866745
6849.931737
6859.809316
6869.885348
6879.840156
6889.780742
6899.879030
6909.943465
6919.771389
6929.799035
6940.046897
6949.929974
6959.820699
6969.809851
6979.954042
6989.793939
6999.953423
7010.101474
7019.926660
7029.827812
7039.998946
7049.678184
7059.766499
7069.873326
7079.851323
7089.832035
7099.739415
7109.862720
7119.826169
7129.840035
7139.839420
7149.873745
7169.999902
7179.686587
7189.670266
7199.943941
7209.810707
7219.824015
7229.763283
7239.799499
7250.090293
7259.758419
7269.907038
7279.796654
7289.832240
7299.830237
7319.877171
7330.023554
7339.772573
7349.787244
7359.788103
7369.925557
7379.886771
7389.882948
7399.712154
7409.707716
7419.950691
7429.718877
7439.883920
7449.875506
7459.841587
7469.601131
7479.871410
7489.812851
7499.657424
7510.030097
7520.124232
7529.836537
7539.856885
7549.993913
7559.746662
7569.809317
7579.964276
7589.964803
7599.768233
7610.005098
7619.936117
7629.749731
7639.791200
7649.914359
7659.877975
7669.943405
7679.970227
7689.618392
7699.782052
7709.783062
7719.763717
7729.836566
7739.948289
7749.712662
7759.733596
7769.726021
7779.909923
7789.888311
7799.747004
7809.879289
7819.661536
7829.730178
7839.928677
7849.859167
7859.827778
7869.924324
7889.800754
7899.965193
7909.727145
7919.866022
7929.912350
7940.063944
7949.748637
7959.814535
7969.899155
7979.800609
7989.743248
7999.922790
8009.785070
8019.884445
8039.704222
8049.845185
8059.854000
8069.719369
8079.794634
8089.855561
8099.900465
8109.806510
8119.824472
8129.897731
8139.757803
8149.872281
8159.907535
8169.823527
8179.819799
8189.915807
8199.794670
8209.854092
8219.843547
8229.737644
8239.826185
8249.824891
8259.842638
8269.691171
8279.917008
8290.011422
8299.786343
8309.923805
8319.926494
8329.687042
8339.850105
8349.829976
8359.758939
8369.821834
8379.875626
8389.750413
8399.830987
8409.822678
8419.945155
8429.766343
8439.879404
8449.958478
8459.838896
8469.874363
8479.988801
8489.762476
8499.797986
8509.886755
8519.658366
8529.815317
8539.832812
8549.753607
8559.864493
8569.841904
8579.919532
8589.772390
8599.802683
8609.877502