499.758316
549.944629
600.001637
650.116195
699.964173
750.055089
799.975625
849.898309
899.998665
1000.028583
1049.936038
1100.080185
1149.969265
1199.903952
1250.000299
1299.951895
1350.054231
1399.935481
1450.018440
1499.954774
1549.896218
1599.954994
1649.924162
1700.022517
1749.877161
1800.030823
1849.934684
1900.063346
1949.946463
1999.876024
2049.978374
2099.901689
2150.007677
2199.939900
2250.036109
2299.921833
2349.871218
2399.965414
2449.874237
2499.987466
2549.919112
2600.011811
2649.899720
2700.006546
2749.967978
2799.860050
2849.959904
2899.898004
2949.977959
2999.908795
3050.025553
3099.946576
3149.857777
3199.948596
3249.875768
3299.963680
3349.911571
3399.989310
3449.942650
3499.837934
3599.865962
3649.971909
3699.876106
3749.986369
3799.907770
3850.010048
3899.925006
3949.829594
3999.963724
4049.867104
4099.989288
4149.871736
4199.981786
4249.906034
4299.828064
4349.921512
4399.848257
4449.959340
4499.874343
4549.983174
4599.899130
4649.822150
4699.903393
4749.833440
4799.925061
4849.859417
4899.958637
4949.871251
5049.905043
5099.820289
5149.922322
5199.849568
5249.953369
5299.841550
5349.958975
5399.874208
5449.793708
5499.878112
5549.825164
5599.926193
5649.856750
5699.930186
5799.986642
5899.799368
5949.904544
5999.828430
6049.926772
6099.857474
6149.938597
6199.887394
6249.777627
6299.893535
6349.794323
6399.909088
6449.835555
6499.938522
6549.859120
6599.787708
6649.882979
6699.774897
6749.901100
6799.810588
6849.917749
6899.834478
6949.939432
7049.772210
7099.894573
7149.806063
7199.901126
7249.831863
7299.922694
7349.838968
7399.753578
7449.872124
7499.780045
7549.891994
7599.811318
7649.915953
7699.804063
7749.747436
7849.770407
7899.875709
7949.781665
7999.884774
8049.803509
8099.914772
8149.825905
8249.853200
8299.787945
8349.883392
8399.784759
8449.897233
8499.810803
8549.718639
8599.830198
8649.754967
8699.871268
8749.774424
8799.875073
8849.802378
8899.892003
8949.824493
8999.743049
9049.842234
9099.765108
9149.868930
9199.782457
9249.893206
9299.816265
9399.834059
9449.733692
9499.856592
9549.768348
9599.865699
9649.783715
9699.716714
9749.824889
9799.728323
9849.832917
9899.740641
9949.850767
9999.770747
10049.878402
10149.709436
10199.815785
10249.726530
10299.835331
10349.744852
10399.855887
10449.771432
10499.708198
10549.799071
10599.713303
10649.820917
10699.745157
10749.840203
10799.758403
10849.678502
10899.782533
10949.706194
10999.808140
11049.730199
11099.822549
11149.740400
11199.840355
11249.766170
11299.682511
11349.785389
11399.703400
11449.802175
11499.730826
11599.741296
11649.651811
11699.774391
11749.688601
11799.787884
11849.705128
11899.792628
11949.739764
11999.831325
12049.745843
12099.669402
12149.765558
12199.709759
12249.799150
12299.711087
12349.815006
12399.751608
12449.659076
12499.767822
12549.678300
12599.780220
12699.803445
12749.735780
12799.638917
12849.738774
12899.668620
12949.748516
12999.699686
13049.789783
13099.703824
13149.825337
13199.735113
13249.647580
13299.742230
13349.671617
13399.775982
13449.690168
13499.799631
13549.710464
13599.629697
13649.730817
13699.626276
13749.747187
13799.681284
13849.777844
13899.698146
13949.611380
13999.708902
14049.644062
14099.743503
14149.663251
14199.765150
14249.679712
14299.790202
14349.704072
14399.622629
14449.711200
14499.650492
14549.734905
14599.654918
14649.777401
14699.686439
14799.701835
14849.627675
14899.731997
14949.641634
14999.751568
15049.661299
15099.771508
15199.600700
15249.728708
15299.627491
15349.733096
15399.647553
15449.750642
15499.659011
15599.697839
15649.610679
15699.733240
15749.628752
15799.734947
15849.660359
15899.566562
15949.670373
15999.588782
16049.699088
16099.615720
16149.718701
16199.638898
16249.750060
16349.583619
16399.696077
16449.592787
16499.711139
16549.632963
16599.727816
16649.637950
16699.555863
16749.666207
16799.584740
16849.691036
16899.601239
16949.700125
16999.629543
17099.640867
17149.568206
17199.676140
17249.587670
17299.684580
17349.612022
17399.717790
17449.637562
17499.561099
17549.643606
17599.567993
17649.677768
17699.584911
17749.709814
17799.615996
17849.527986
17899.638259
17949.556575
17999.661287
18049.570076
18099.674333
18199.714884
18249.630546
18299.544348
18349.657208
18399.564363
18449.665673
18499.580195
18549.688295
18599.608625
18649.534261
18699.631903
18749.550916
18799.651169
18849.567246
18899.670255
18949.589748
18999.507310
19049.613905
19099.529508
19149.635403
19199.544877
19249.664124
19299.570408
19349.674463
19399.589899
19449.522867
19499.617862
19549.537898
19599.647098
19649.556632
19699.658649
19749.577448
19799.496396
19849.601063
19899.517679
19949.617919
19999.544446
20049.639182
20099.559166
20149.481734
20199.587454
20249.496537
20349.521988
20399.627677
20449.549442
20499.651156
20549.581925
20599.485106
20649.596798
20699.516719
20749.611304
20799.537301
20849.633045
20899.556786
20949.467276
20999.582707
21049.493640
21149.512215
21199.626715
21249.543682
21299.641689
21349.550537
21399.477860
21449.570298
21549.604043
21599.514003
21649.625890
21699.540910
21749.435874
21799.569297
21849.479664
21949.507550
21999.600719
22049.528723
22099.436010
22149.548163
22199.467070
22249.578625
22299.485859
22349.595526
22399.509791
22449.604437
22499.529394
22549.456753
22599.545958
22649.474070
22699.577017
22749.498022
22799.588176
22849.509476
22899.435267
22949.540079
22999.454867
23049.554935
23099.476217
23149.576764
23199.500487
23249.420381
23299.518435
23349.439685
23399.547157
23449.459144
23499.558526
23549.479370
23599.583399
23649.504520
23699.422795
23749.516707
23799.447923
23849.547679
23899.464029
23949.572747
23999.488135
24049.402594
24099.503328
24149.428385
24199.527843
24249.450075
24299.550293
24349.476559
24399.588408
24449.492761
24499.403837
24549.514645
24599.440137
24649.536018
24749.546797
24799.476809
24849.393414
24899.499076
24949.410214
24999.526026
25049.438124
25099.539114
25199.380144
25249.489125
25299.403738
25349.501525
25399.418092
25449.524644
25499.442548
25549.553111
25599.472755
25649.392393
25699.485689
25749.409302
25799.511081
25849.427071
25899.533113
25949.443967
25999.352963
26049.470011
26099.382300
26149.492824
26199.404272
26249.505192
26299.424548
26349.348565
26399.452829
26449.367265
26499.480588
26549.384715
26599.498090
26649.412138
26699.522007
26749.437486
26799.342863
26849.461116
26899.370486
26949.477708
26999.390655
27049.502231
27099.412815
27149.339462
27199.440083
27299.457996
27349.378326
27399.482648
27449.397437
27499.501387
27549.419304
27599.346134
27699.360467
27749.461652
27799.390314
27849.490031
27899.412449
27949.322736
27999.424722
28049.350329
28099.457997
28149.371142
28199.477293
28249.397680
28299.318731
28349.413711
28399.335612
28449.444408
28499.361235
28549.464497
28599.380154
28649.481528
28749.319590
28799.409412
28849.335590
28899.443904
28949.361229
28999.471151
29049.374907
29099.300640
29149.398151
29199.323111
29249.429997
29299.337349
29349.451084
29399.366048
29449.279056
29499.392765
29549.305848
29599.411371
29649.330095
29699.437841
29749.350300
29799.453965
29849.374882
29899.286771
29949.392668
29999.295388
30049.418542
30099.335669
30149.436736
30199.353334
30249.272167
30299.375408
30349.301040
30399.389215