0.219837	-2.578952E-2  
0.219842	5.165319E-1	  
0.219847	1.028922E+0	  
0.219852	1.491426E+0	  
0.219857	1.876042E+0	  
0.219862	2.166677E+0	  
0.219867	2.343697E+0	  
0.219872	2.402597E+0	  
0.219877	2.339191E+0	  
0.219882	2.159596E+0	  
0.219887	1.864777E+0	  
0.219892	1.476942E+0	  
0.219897	1.014760E+0	  
0.219902	4.978644E-1	  
0.219907	-3.930731E-2  
0.219912	-5.790530E-1  
0.219917	-1.088222E+0  
0.219922	-1.543963E+0  
0.219927	-1.921173E+0  
0.219932	-2.199252E+0  
0.219937	-2.362108E+0  
0.219942	-2.408455E+0  
0.219947	-2.331532E+0  
0.219952	-2.136813E+0  
0.219957	-1.831376E+0  
0.219962	-1.432925E+0  
0.219967	-9.614126E-1  
0.219972	-4.419441E-1  
0.219977	9.554877E-2	  
0.219982	6.346518E-1	  
0.219987	1.138996E+0	  
0.219992	1.584120E+0	  
0.219997	1.948781E+0	  
0.220002	2.214955E+0	  
0.220007	2.366227E+0	  
0.220012	2.400344E+0	  
0.220017	2.308937E+0	  
0.220022	2.101984E+0	  
0.220027	1.786888E+0	  
0.220032	1.380064E+0	  
0.220037	9.021117E-1	  
0.220042	3.762041E-1	  
0.220047	-1.609674E-1  
0.220052	-6.965288E-1  
0.220057	-1.194755E+0  
0.220062	-1.634725E+0  
0.220067	-1.989727E+0  
0.220072	-2.243989E+0  
0.220077	-2.385603E+0  
0.220082	-2.400730E+0  
0.220087	-2.296772E+0  
0.220092	-2.077592E+0  
0.220097	-1.750913E+0  
0.220102	-1.334760E+0  
0.220107	-8.513394E-1  
0.220112	-3.225371E-1  
0.220117	2.168871E-1	  
0.220122	7.476222E-1	  
0.220127	1.244242E+0	  
0.220132	1.673595E+0	  
0.220137	2.017980E+0	  
0.220142	2.258084E+0	  
0.220147	2.385538E+0	  
0.220152	2.390366E+0	  
0.220157	2.272245E+0	  
0.220162	2.041153E+0	  
0.220167	1.703528E+0	  
0.220172	1.279002E+0	  
0.220177	7.897850E-1	  
0.220182	2.603372E-1	  
0.220187	-2.810182E-1  
0.220192	-8.098205E-1  
0.220197	-1.300644E+0  
0.220202	-1.721303E+0  
0.220207	-2.054741E+0  
0.220212	-2.286473E+0  
0.220217	-2.399121E+0  
0.220222	-2.389465E+0  
0.220227	-2.259760E+0  
0.220232	-2.015153E+0  
0.220237	-1.664979E+0  
0.220242	-1.233377E+0  
0.220247	-7.367602E-1  
0.220252	-2.047393E-1  
0.220257	3.356507E-1	  
0.220262	8.612364E-1	  
0.220267	1.344660E+0	  
0.220272	1.755990E+0	  
0.220277	2.079776E+0	  
0.220282	2.298315E+0	  
0.220287	2.398091E+0	  
0.220292	2.375239E+0	  
0.220297	2.232013E+0	  
0.220302	1.973886E+0	  
0.220307	1.616949E+0	  
0.220312	1.176331E+0	  
0.220317	6.729523E-1	  
0.220322	1.393207E-1	  
0.220327	-3.994597E-1  
0.220332	-9.253652E-1  
0.220337	-1.399452E+0  
0.220342	-1.804984E+0  
0.220347	-2.115249E+0  
0.220352	-2.320911E+0  
0.220357	-2.406845E+0  
0.220362	-2.372086E+0  
0.220367	-2.216632E+0  
0.220372	-1.946599E+0  
0.220377	-1.576792E+0  
0.220382	-1.127810E+0  
0.220387	-6.202500E-1  
0.220392	-8.565402E-2  
0.220397	4.563454E-1	  
0.220402	9.748506E-1	  
0.220407	1.443470E+0	  
0.220412	1.836775E+0	  
0.220417	2.139319E+0	  
0.220422	2.328570E+0	  
0.220427	2.401953E+0	  
0.220432	2.353031E+0	  
0.220437	2.184701E+0	  
0.220442	1.904365E+0	  
0.220447	1.525542E+0	  
0.220452	1.068188E+0	  
0.220457	5.557979E-1	  
0.220462	2.055719E-2	  
0.220467	-5.182230E-1  
0.220472	-1.033507E+0  
0.220477	-1.496329E+0  
0.220482	-1.881585E+0  
0.220487	-2.171573E+0  
0.220492	-2.351165E+0  
0.220497	-2.410064E+0  
0.220502	-2.347947E+0  
0.220507	-2.162883E+0  
0.220512	-1.870964E+0  
0.220517	-1.481846E+0  
0.220522	-1.020955E+0  
0.220527	-5.050271E-1  
0.220532	3.761536E-2	  
0.220537	5.763965E-1	  
0.220542	1.082671E+0	  
0.220547	1.536807E+0	  
0.220552	1.910480E+0	  
0.220557	2.191460E+0	  
0.220562	2.357859E+0	  
0.220567	2.403884E+0	  
0.220572	2.325029E+0	  
0.220577	2.130307E+0	  
0.220582	1.826798E+0	  
0.220587	1.429630E+0	  
0.220592	9.616546E-1	  
0.220597	4.396091E-1	  
0.220602	-1.001374E-1  
0.220607	-6.366644E-1  
0.220612	-1.142615E+0  
0.220617	-1.587735E+0  
0.220622	-1.954323E+0  
0.220627	-2.220816E+0  
0.220632	-2.373051E+0  
0.220637	-2.405558E+0  
0.220642	-2.314796E+0  
0.220647	-2.108490E+0  
0.220652	-1.793076E+0  
0.220657	-1.386578E+0  
0.220662	-9.083071E-1  
0.220667	-3.833671E-1  
0.220672	1.544477E-1	  
0.220677	6.896887E-1	  
0.220682	1.190814E+0	  
0.220687	1.626926E+0	  
0.220692	1.983863E+0	  
0.220697	2.236519E+0	  
0.220702	2.378136E+0	  
0.220707	2.396481E+0	  
0.220712	2.291235E+0	  
0.220717	2.073017E+0	  
0.220722	1.746334E+0	  
0.220727	1.330821E+0	  
0.220732	8.467530E-1	  
0.220737	3.195580E-1	  
0.220742	-2.205100E-1  
0.220747	-7.541402E-1  
0.220752	-1.246573E+0  
0.220757	-1.676888E+0  
0.220762	-2.022556E+0  
0.220767	-2.264909E+0  
0.220772	-2.390431E+0  
0.220777	-2.398477E+0  
0.220782	-2.281324E+0  
0.220787	-2.047982E+0  
0.220792	-1.709717E+0  
0.220797	-1.284551E+0  
0.220802	-7.963028E-1  
0.220807	-2.629945E-1  
0.220812	2.764298E-1	  
0.220817	8.052339E-1	  
0.220822	1.292520E+0	  
0.220827	1.713505E+0	  
0.220832	2.045981E+0	  