2.497024
2.497073
2.497112
2.497149
2.496938
2.496891
2.497084
2.496998
2.496973
2.497070
2.497045
2.496991
2.496993
2.497035
2.496998
2.496974
2.497062
2.497062
2.497019
2.496948
2.496905
2.497167
2.496955
2.497234
2.497055
2.497030
2.497121
2.497188
2.497130
2.497111
2.497089
2.497072
2.497058
2.497094
2.497000
2.497038
2.496942
2.496955
2.497042
2.497073
2.497094
2.497064
2.497146
2.497011
2.497079
2.497002
2.497175
2.497092
2.497083
2.497003
2.496995
2.496976
2.496998
2.497131
2.497166
2.497133
2.497260
2.497181
2.497134
2.497053
2.497142
2.497024
2.496966
2.497013
2.496924
2.496928
2.496842
2.496975
2.497078
2.496954
2.497114
2.497063
2.497073
2.497005
2.497020
2.497138
2.496975
2.496907
2.497042
2.496858
2.497061
2.496839
2.496957
2.497048
2.497031
2.496947
2.497262
2.497123
2.496962
2.496895
2.497025
2.496891
2.497149
2.496998
2.497022
2.497040
2.497214
2.496985
2.497077
2.497023
2.496984
2.497108
2.497046
2.496939
2.497222
2.497067
2.497019
2.497039
2.497105
2.497058
2.497150
2.497122
2.497057
2.497289
2.497120
2.497108
2.497034
2.497038
2.497095
2.497030
2.497090
2.496918
2.497018
2.497071
2.497022
2.497027
2.497094
2.496868
2.497028
2.497105
2.497035
2.497120
2.496986
2.497109
2.497168
2.497146
2.497101
2.497063
2.497102
2.497186
2.497146
2.497187
2.497064
2.497250
2.496947
2.497137
2.497160
2.497142
2.497085
2.497128
2.497208
2.497157
2.497347
2.497205
2.497203
2.497161
2.497199
2.497284
2.497209
2.497222
2.497390
2.497308
2.497265
2.497220
2.497198
2.497175
2.497211
2.497232
2.497262
2.497226
2.497185
2.497131
2.497096
2.497058
2.497050
2.496989
2.497053
2.497154
2.497072
2.497186
2.497122
2.497231
2.497191
2.497186
2.497097
2.497213
2.497081
2.497221
2.497174
2.496971
2.497168
2.497026
2.497059
2.497121
2.497119
2.497039
2.497111
2.496927
2.496966
2.497110
2.497195
2.497201
2.497174
2.497164
2.497216
2.497017
2.497061
2.497257
2.497162
2.497066
2.497040
2.497076
2.497213
2.497000
2.497190
2.497073
2.497123
2.497298
2.497110
2.497244
2.497206
2.497162
2.497188
2.497300
2.497355
2.497111
2.497366
2.497262
2.497158
2.497274
2.497231
2.497130
2.497213
2.497268
2.497274
2.497161
2.497168
2.497212
2.497311
2.497242
2.497385
2.497072
2.497168
2.497228
2.497254
2.497206
2.497203
2.497217
2.497255
2.497249
2.497319
2.497337
2.497210
2.497240
2.497206
2.497209
2.497259
2.497284
2.497237
2.497213
2.497299
2.497218
2.497169
2.497197
2.497271
2.497140
2.497303
2.497211
2.497174
2.497125
2.497099
2.497142
2.497207
2.497190
2.497216
2.497221
2.497305
2.497246
2.497071
2.497098
2.497170
2.497217
2.497319
2.497251
2.497357
2.497394
2.497261
2.497284
2.497352
2.497207
2.497178
2.497253
2.497154
2.497186
2.497187
2.497222
2.497234
2.497222
2.497291
2.497235
2.497110
2.497109
2.497111
2.497200
2.497232
2.497168
2.497300
2.497207
2.497291
2.497207
2.497167
2.497140
2.497187
2.497145
2.497136
2.497162
2.497260
2.497149
2.497220
2.497279
2.497256
2.497285
2.497158
2.497146
2.497159
2.497237
2.497078
2.497121
2.497174
2.497104
2.497257
2.497134
2.497280
2.497240
2.497328
2.497194
2.497181
2.497112
2.497357
2.497162
2.497263
2.497347
2.497105
2.497260
2.497292
2.497136
2.497128
2.497109
2.497155
2.497195
2.497272
2.497188
2.497108
2.497181
2.497128
2.497259
2.497293
2.497265
2.497290
2.497382
2.497292
2.497227
2.497272
2.497286
2.497127
2.497323
2.497271
2.497235
2.497265
2.497069
2.497144
2.497190
2.497263
2.497157
2.497257
2.497157
2.497229
2.497067
2.497092
2.497175
2.497221
2.497183
2.497348
2.497181
2.497091
2.496999
2.497077
2.497091
2.497145
2.497009
2.497161
2.497113
2.497156
2.497077
2.497122
2.497086
2.497120
2.497277
2.497158
2.497153
2.497292
2.497108
2.497101
2.497192
2.497159
2.497180
2.497213
2.497218
2.497267
2.497122
2.497145
2.497111
2.497103
2.497168
2.497214
2.497212
2.497180
2.497085
2.497213
2.497223
2.497135
2.497142
2.497211
2.497309
2.497055
2.497185
2.497299
2.497155
2.497118
2.497241
2.497173
2.497171
2.497157
2.497105
2.497343
2.497208
2.497290
2.497225
2.497253
2.497161
2.497090
2.497233
2.497111
2.497267
2.497243
2.497203
2.497342
2.497335
2.497211
2.497271
2.497178
2.497229
2.497164
2.497196
2.497123
2.497159
2.497095
2.497036
2.496871
2.497102
2.497021
2.497188
2.497117
2.497045
2.497103
2.497084
2.497177
2.497224
2.497045
2.497163
2.497129
2.497228
2.497087
2.497115
2.497059
2.497080
2.496966
2.497005
2.497075
2.497021
2.497186
2.496984
2.497189
2.497196
2.497086
2.497002
2.497093
2.497108
2.497116
2.497150
2.497141
2.497122
2.497092
2.497137
2.497125
2.497168
2.497165
2.497009
2.496998
2.497058
2.497002
2.497076
2.497043
2.497156
2.497026
2.497114
2.497052
2.496949
2.497025
2.497048
2.497165
2.497112
2.497052
2.497087
2.497120
2.497041
2.497027
2.497016
2.497140
2.497113
2.496957
2.497042
2.497119
2.497029
2.496969
2.497155
2.496996
2.496967
2.496979
2.497041
2.497015
2.497083
2.497064
2.497108
2.497045
2.497070
2.497063
2.496906
2.496955
2.497066
2.497174
2.497019
2.497285
2.497143
2.496948
2.496993
2.496971
2.496989
2.496999
2.497017
2.497024
2.496989
2.497143
2.497039
2.496976
2.497102
2.497015
2.497066
2.497081
2.497049
2.496981
2.496991
2.497092
2.497044
2.497075
2.496921
2.496936
2.496923
2.497019
2.497042
2.496968
2.497066
2.497059
2.497141
2.497050
2.496961
2.497225
2.497106
2.497001
2.497136
2.496960
2.497043
2.497114
2.497033
2.497086
2.497089
2.497114
2.497093
2.497012
2.497021
2.497092
2.497156
2.497109
2.497193
2.497228
2.497117
2.497175
2.497144
2.497088
2.497121
2.497055
2.496989
2.497054
2.496999
2.497093
2.497178
2.497127
2.497148
2.496978
2.497041
2.496992
2.497097
2.497115
2.497144
2.497037
2.497161
2.497079
2.496995
2.497082
2.497118
2.497041
2.497200
2.497132
2.497012
2.496985
2.497112
2.497141
2.496969
2.497056
2.497042
2.497011
2.497067
2.497081
2.496985
2.497199
2.497060
2.497148
2.497129
2.497060
2.497126
2.497084
2.497059
2.497114
2.497117
2.497181
2.497057
2.497291
2.497057
2.497015
2.497099
2.496971
2.497053
2.496934
2.496975
2.496993
2.497095
2.496951
2.497038
2.496954
2.496911
2.497004
2.497025
2.497103
2.497031
2.497171
2.497027
2.497063
2.497068
2.497027
2.496918
2.497035
2.497019
2.497057
2.497054
2.497085
2.497025
2.497132
2.497092
2.497181
2.497127
2.497154
2.497195
2.497210
2.497141
2.497156
2.497351
2.497306
2.497160
2.497191
2.497079
2.497108
2.497101
2.497046
2.497194
2.497182
2.497128
2.497095
2.497067
2.497126
2.497108
2.497107
2.497195
2.497042
2.497051
2.497088
2.497123
2.497241
2.497077
2.497221
2.497158
2.497043
2.497173
2.497155
2.497275
2.497165
2.497013
2.497172
2.496986
2.497125
2.497142
2.497064
2.497127
2.497123
2.497171
2.497218
2.497035
2.497012
2.497122
2.497242
2.497223
2.497219
2.497122
2.497213
2.497191
2.497226
2.497345
2.497048
2.497176
2.497122
2.497116
2.497139
2.497117
2.497196
2.497103
2.497128
2.497211
2.497172
2.497163
2.497049
2.497147
2.497163
2.497190
2.497008
2.497110
2.497024
2.497145
2.497123
2.497062
2.497229
2.497301
2.497087
2.497150
2.497109
2.497050
2.497122
2.496966
2.497147
2.497041
2.497092
2.497032
2.496994
2.497225
2.497331
2.497102
2.497162
2.497164
2.497182
2.497108
2.497064
2.497018
2.497025
2.496936
2.496998
2.496946
2.497210
2.497082
2.497061
2.497307
2.497131
2.497145
2.497116
2.497230
2.497165
2.497144
2.497142
2.497194
2.497252
2.497093
2.497165
2.497280
2.497138
2.497120
2.497186
2.497165
2.497151
2.497049
2.497205
2.497193
2.497214
2.497105
2.497219
2.497076
2.497073
2.497110
2.497119
2.497021
2.497149
2.497226
2.497045
2.497142
2.497222
2.497281
2.497123
2.497107
2.497206
2.497102
2.497134
2.497131
2.497178
2.497060
2.497180
2.497057
2.497155
2.497147
2.497067
2.497078
2.497116
2.497153
2.497132
2.497302
2.497188
2.497217
2.497239
2.497123
2.497105
2.497165
2.497068
2.497104
2.497160
2.497196
2.497127
2.497175
2.497154
2.497183
2.497212
2.497292
2.497233
2.497281
2.497231
2.497201
2.497169
2.497157
2.497120
2.497198
2.497103
2.497155
2.496983
2.497079
2.497154
2.497059
2.497140
2.497124
2.497085
2.497081
2.497143
2.497176
2.497002
2.497189
2.497115
2.497190
2.496965
2.497007
2.496995
2.497048
2.497013
2.497190
2.497092
2.497222
2.497036
2.497117
2.497218
2.496945
2.496984
2.496964
2.496950
2.497016
2.497011
2.497121
2.497052
2.497036
2.497040
2.497234
2.497112
2.497022
2.497137
2.497097
2.497135
2.497076
2.496949
2.496985
2.496934
2.496974
2.497021
2.497081
2.497044
2.497042
2.497023
2.496971
2.497052
2.497071
2.497103
2.496960
2.497111
2.497066
2.497087
2.496945
2.497081
2.496982
2.497018
2.497092
2.496969
2.497080
2.497022
2.497121
2.497154
2.497088
2.497085
2.497163
2.497042
2.496972
2.497067
2.497123
2.497140
2.497112
2.497154
2.497036
2.497048
2.497137
2.497088
2.497192
2.497128
2.497152
2.497120
2.497176
2.497017
2.497186
2.497121
2.497296
2.497054
2.497084
2.497053
2.497302
2.497182
2.497279
2.497211
2.497230
2.497185
2.497316
2.497316
2.497276
2.497061
2.497192
2.497196
2.497272
2.497164
2.497133
2.497142
2.497131
2.497130
2.497129
2.497196
2.497090
2.497136
2.497127
2.497271
2.497281
2.497168
2.497114
2.497099
2.497221
2.497210
2.497154
2.497144
2.497260
2.497196
2.497159
2.497202
2.497098
2.497204
2.497183
2.497163
2.497039
2.497049
2.496957
2.497193
2.497121
2.497131
2.497103
2.497100
2.497172
2.497114
2.497095
2.497142
2.497231
2.497014
2.497085
2.497049
2.496962
2.497012
2.496984
2.497103
2.497214
2.497126
2.497095
2.497226
2.497149
2.497200
2.497233
2.497186
2.497214
2.497164
2.497125
2.497157
2.497080
2.497056
2.497139
2.497127
2.496987
2.496950
2.496957
2.496972
2.497037
2.496926
2.497131
2.496976
2.496914
2.496979
2.497014
2.496981
2.496935
2.496921
2.496940
2.496850
2.496958
2.496935
2.496987
2.497015
2.497028
2.496908
2.497023
2.497000
2.497156
2.497110
2.496991
2.497314
2.497096
2.497169
2.497042
2.497113
2.497117
2.497099
2.497125
2.496959
2.497116
2.497142
2.497203
2.497158
2.497199
2.497352
2.497181
2.497096
2.497198
2.497152
2.497125
2.497299
2.497094
2.496959
2.497202
2.497081
2.497119
2.497097
2.497270
2.497167
2.497126
2.497317
2.497114
2.497131
2.497056
2.497120
2.496988
2.497141
2.497124
2.497004
2.497096
2.497164
2.497146
2.497023
2.497103
2.497137
2.497188
2.497180
2.497040
2.497024
2.497170
2.497178
2.497169
2.497047
2.497061
2.497118
2.497133
2.497043
2.497263
2.497049
2.497067
2.497172
2.497182
2.497110
2.497020
2.497117
2.497050
2.497151
2.497015
2.497151
2.497187
2.497164
2.497100
2.497102
2.497049
2.497121
2.497319
2.497152
2.497065
2.497174
2.497109
2.497165
2.497054
2.497100
2.497229
2.497053
2.497166
2.497047
2.496954
2.497107
2.497134
2.497032
2.497074
2.497183
2.497093
2.497107
2.497112
2.497069
2.496977
2.497089
2.497194
2.496958
2.497065
2.497151
2.497012
2.497083
2.497037
2.497155
2.497115
2.496931
2.497071
2.497001
2.497118
2.496931
2.497019
2.497128
2.497142
2.497025
2.497007
2.496933
2.496982
2.496978
2.496971
2.497075
2.496928
2.497049
2.497023
2.497137
2.497032
2.496922
2.497075
2.497065
2.496996
2.497068
2.497075
2.496996
2.497003
2.496964
2.497062
2.496956
2.497201
2.497017
2.496983
2.496970
2.496923
2.497024
2.497075
2.497045
2.497207
2.497117
2.497037
2.497121
2.496997
2.497040
2.496940
2.497086
2.497067
2.497053
2.497107
2.497074
2.497006
2.496930
2.497071
2.496994
2.497106
2.497037
2.497001
2.497161
2.497095
2.497127
2.497167
2.497214
2.497050
2.496949
2.497136
2.497064
2.497087
2.497074
2.497004
2.497176
2.497097
2.497078
2.496947
2.496985
2.497008
2.497072
2.497049
2.497183
2.497210
2.497168
2.497209
2.497102
2.497196
2.497351
2.497139
2.497001
2.497268
2.497094
2.497127
2.497361
2.497132
2.497233
2.497238
2.497171
2.497324
2.497050
2.497090
2.497283
2.497259
2.497047
2.497051
2.497140
2.497043
2.497037
2.497195
2.497178
2.497214
2.497101
2.497101
2.497145
2.497282
2.497164
2.497063
2.497267
2.497081
2.497276
2.497259
2.497156
2.497157
2.497208
2.497157
2.497123
2.497262
2.497134
2.497221
2.497274
2.497059
2.497158
2.496997
2.497155
2.497109
2.497155
2.497135
2.497205
2.497145
2.497082
2.497169
2.497189
2.497234
2.497181
2.497265
2.497218
2.497112
2.496989
2.497150
2.497093
2.497054
2.497161
2.497145
2.497184
2.497135
2.497098
2.497122
2.497141
2.497176
2.497236
2.497084
2.497254
2.497075
2.497184
2.497132
2.497089
2.497188
2.497281
2.497292
2.497167
2.497168
2.497016
2.497224
2.497134
2.497064
2.497141
2.497078
2.497114
2.497059
2.497089
2.497214
2.497076
2.497159
2.497132
2.497120
2.497150
2.497067
2.497171
2.497011
2.497052
2.497044
2.497128
2.497103
2.497069
2.497044
2.497053
2.497002
2.497026
2.496983
2.497136
2.496906
2.497126
2.497100
2.497122
2.497186
2.497155
2.497076
2.497108
2.497175
2.497145
2.497178
2.497085
2.497153
2.497143
2.497137
2.497216
2.497223
2.497215
2.497342
2.497143
2.497223
2.497063
2.497056
2.497073
2.497099
2.497075
2.497004
2.497124
2.497064
2.497155
2.497108
