2.496013
2.496128
2.495931
2.495891
2.496102
2.495916
2.495862
2.495992
2.495730
2.495778
2.495890
2.496034
2.495832
2.496030
2.495956
2.495936
2.495992
2.495996
2.496030
2.495921
2.495934
2.496012
2.496009
2.496058
2.496044
2.496056
2.495891
2.495979
2.495954
2.495922
2.495767
2.496071
2.496025
2.496029
2.496055
2.495979
2.496011
2.495940
2.495900
2.495743
2.495960
2.495894
2.495897
2.496012
2.496098
2.495946
2.495724
2.496052
2.495901
2.495912
2.496080
2.495935
2.496018
2.496021
2.495771
2.496130
2.495915
2.495912
2.496173
2.495895
2.495804
2.495983
2.496043
2.496119
2.495958
2.495912
2.495957
2.495817
2.496067
2.495702
2.496056
2.495892
2.496000
2.496081
2.496136
2.495916
2.495832
2.495890
2.496033
2.496072
2.495813
2.496064
2.495932
2.495982
2.495922
2.495895
2.495998
2.495949
2.495849
2.495731
2.495921
2.495983
2.495962
2.495946
2.495753
2.495935
2.496031
2.495758
2.495858
2.495937
2.495966
2.495759
2.495963
2.495945
2.496384
2.495874
2.495808
2.496115
2.496054
2.496035
2.495939
2.495882
2.495941
2.496058
2.496048
2.495840
2.496035
2.495830
2.495882
2.496100
2.495804
2.496053
2.495998
2.496000
2.495989
2.495962
2.495907
2.495929
2.495794
2.496009
2.496166
2.496002
2.496026
2.495838
2.495939
2.495803
2.496134
2.495961
2.495826
2.496027
2.495975
2.495960
2.496020
2.495902
2.496100
2.495927
2.496128
2.495877
2.495957
2.496098
2.495852
2.496093
2.495939
2.495997
2.496140
2.495991
2.495953
2.495963
2.495877
2.495915
2.495854
2.495881
2.495937
2.495991
2.495824
2.495784
2.495935
2.495849
2.496080
2.495953
2.495966
2.495952
2.496036
2.495989
2.495941
2.495959
2.496110
2.496146
2.495879
2.496059
2.496069
2.495940
2.496181
2.495971
2.495895
2.495876
2.495938
2.495820
2.495792
2.495945
2.495964
2.495922
2.496273
2.495865
2.496060
2.496045
2.496124
2.495983
2.496228
2.496081
2.495927
2.495913
2.496114
2.495847
2.496008
2.496089
2.495984
2.496121
2.496005
2.495973
2.495853
2.496076
2.496229
2.495871
2.495904
2.495984
2.496116
2.496154
2.495956
2.495973
2.496000
2.495936
2.496014
2.495970
2.496006
2.495881
2.496061
2.495907
2.495989
2.496124
2.495915
2.495863
2.495871
2.495991
2.495970
2.495943
2.495910
2.495798
2.496214
2.496051
2.496104
2.496058
2.495876
2.496066
2.496183
2.495839
2.496082
2.496119
2.496031
2.495957
2.496109
2.496092
2.495875
2.496074
2.496015
2.495935
2.496064
2.495876
2.496155
2.496032
2.496020
2.495941
2.495909
2.495957
2.495872
2.495983
2.495929
2.495951
2.495917
2.496094
2.496035
2.495851
2.495860
2.496080
2.495952
2.495976
2.495967
2.495724
2.495666
2.495894
2.496005
2.496029
2.495918
2.495908
2.495948
2.495854
2.495832
2.495869
2.495910
2.496021
2.495868
2.495840
2.495983
2.495828
2.495818
2.495864
2.495939
2.495973
2.495833
2.495768
2.495849
2.495844
2.495856
2.495844
2.496061
2.495981
2.496040
2.495921
2.495905
2.495940
2.495773
2.495919
2.495727
2.495802
2.495984
2.496141
2.496031
2.495826
2.495837
2.495957
2.495868
2.495914
2.496132
2.495704
2.495978
2.495891
2.495700
2.496038
2.495921
2.495773
2.495861
2.495838
2.495748
2.496044
2.495823
2.496042
2.495853
2.495797
2.495967
2.495749
2.495820
2.495717
2.495872
2.496010
2.495858
2.495840
2.495961
2.495956
2.495826
2.496018
2.495786
2.495902
2.495987
2.495958
2.495850
2.495808
2.495813
2.495875
2.495951
2.495844
2.495828
2.495964
2.495703
2.495994
2.495761
2.495861
2.495744
2.495837
2.495946
2.495912
2.495870
2.496028
2.495982
2.495804
2.495932
2.495918
2.495845
2.495919
2.495764
2.495873
2.496062
2.495896
2.495736
2.495932
2.496030
2.496075
2.495822
2.495825
2.495930
2.495771
2.495927
2.496057
2.495776
2.496033
2.495797
2.495829
2.495921
2.495844
2.496033
2.496243
2.496031
2.496194
2.496197
2.495938
2.495996
2.496058
2.496000
2.496117
2.495928
2.495995
2.495905
2.496200
2.496101
2.496070
2.495818
2.495943
2.495905
2.495853
2.496030
2.496015
2.496019
2.496015
2.495994
2.495938
2.496046
2.496008
2.496127
2.495974
2.496006
2.495854
2.495932
2.495962
2.496083
2.495919
2.496050
2.495756
2.495855
2.495853
2.495830
2.496101
2.495925
2.496010
2.495972
2.495935
2.495780
2.495930
2.496012
2.495745
2.495784
2.495854
2.495819
2.495837
2.496077
2.496023
2.496082
2.496118
2.496015
2.495934
2.496036
2.496054
2.495991
2.495916
2.496075
2.496000
2.496169
2.495882
2.495733
2.495960
2.496145
2.495914
2.495872
2.495901
2.496066
2.495769
2.496041
2.495882
2.495892
2.495955
2.496043
2.496006
2.495982
2.495961
2.495696
2.496075
2.495917
2.496026
2.495963
2.496242
2.496064
2.495959
2.495839
2.495734
2.495768
2.496129
2.495856
2.495938
2.495805
2.495963
2.496003
2.495959
2.495895
2.495784
2.495849
2.496022
2.495848
2.496020
2.495843
2.495882
2.495817
2.495831
2.495861
2.496030
2.495760
2.495842
2.495882
2.495929
2.495867
2.495876
2.495989
2.496035
2.495921
2.495856
2.496141
2.496034
2.495992
2.495853
2.495795
2.495991
2.496159
2.495869
2.495825
2.495961
2.495873
2.495939
2.496031
2.495750
2.495883
2.496005
2.495806
2.496037
2.495868
2.495838
2.495819
2.496216
2.495900
2.495779
2.495881
2.495904
2.495863
