2.502063
2.501967
2.501952
2.502251
2.502335
2.502449
2.502223
2.502228
2.502183
2.502494
2.501898
2.502082
2.501953
2.501929
2.501987
2.502010
2.502219
2.501858
2.501876
2.502271
2.501926
2.502069
2.502278
2.502296
2.502135
2.502358
2.501928
2.502235
2.501961
2.501862
2.502319
2.501918
2.502054
2.501992
2.502242
2.502290
2.502114
2.502342
2.502168
2.502388
2.501888
2.502052
2.502144
2.501980
2.501965
2.501962
2.502157
2.501888
2.502056
2.502176
2.502074
2.502157
2.502512
2.502014
2.502124
2.502366
2.501868
2.502037
2.502045
2.502395
2.502456
2.502076
2.502208
2.502094
2.502414
2.502405
2.502193
2.501879
2.502298
2.501909
2.501958
2.502227
2.502090
2.501960
2.502200
2.502249
2.502313
2.502057
2.502144
2.502047
2.501944
2.502501
2.502282
2.502277
2.502078
2.502311
2.502299
2.502384
2.502098
2.502104
2.502158
2.502130
2.502405
2.501951
2.501870
2.502367
2.501845
2.502687
2.502052
2.502217
2.502312
2.502086
2.502458
2.502182
2.502265
2.502310
2.501899
2.502010
2.502231
2.502156
2.501960
2.502262
2.502178
2.502086
2.501905
2.502281
2.501961
2.502136
2.502068
2.501996
2.502315
2.502021
2.501795
2.502329
2.502066
2.501841
2.501816
2.502114
2.502271
2.502212
2.502091
2.502313
2.501923
2.501817
2.501901
2.502036
2.501900
2.502100
2.502002
2.501829
2.501999
2.501776
2.501875
2.502034
2.502137
2.501700
2.502185
2.501750
2.501830
2.501615
2.501824
2.501715
2.502025
2.501485
2.501959
2.501974
2.501625
2.501423
2.501933
2.501728
2.502119
2.501874
2.501863
2.501579
2.501968
2.502307
2.501858
2.502006
2.502097
2.501679
2.502265
2.502113
2.502242
2.501624
2.501739
2.502268
2.501893
2.501956
2.501759
2.501931
2.501877
2.501753
2.501923
2.502018
2.501743
2.502008
2.502082
2.501736
2.501943
2.502059
2.501949
2.502142
2.501977
2.502051
2.501796
2.502065
2.501899
2.502123
2.502288
2.502163
2.501749
2.502026
2.502150
2.502383
2.502317
2.501725
2.501921
2.502002
2.501735
2.501722
2.502078
2.501908
2.501825
2.501867
2.501733
2.501640
2.502076
2.501832
2.502202
2.502180
2.502026
2.501884
2.502177
2.501969
2.502242
2.502066
2.502215
2.501835
2.502085
2.501845
2.502073
2.501865
2.502017
2.502298
2.502130
2.502265
2.501725
2.501873
2.502161
2.501929
2.502135
2.501781
2.501792
2.502145
2.502313
2.502230
2.501711
2.502117
2.501987
2.502348
2.502307
2.501814
2.502271
2.502153
2.501906
2.502144
2.501853
2.501929
2.501709
2.501995
2.502097
2.501694
2.502103
2.501688
2.501594
2.502042
2.502080
2.502056
2.501914
2.501844
2.501828
2.501905
2.502151
2.501798
2.501746
2.501895
2.502298
2.502031
2.501734
2.501882
2.501826
2.502215
2.501996
2.501943
2.502033
2.501976
2.501806
2.502059
2.501852
2.501884
2.501629
2.501802
2.502286
2.501938
2.501930
2.501780
2.502472
2.501757
2.501747
2.501720
2.501818
2.501613
2.502068
2.501810
2.501876
2.502199
2.502139
2.502080
2.502035
2.502191
2.501917
2.502191
2.502207
2.501831
2.502047
2.501831
2.501833
2.501861
2.501918
2.501879
2.501497
2.501625
2.502071
2.501757
2.501680
2.501758
2.502065
2.501651
2.501892
2.502103
2.501966
2.501667
2.501560
2.501807
2.501678
2.501802
2.501952
2.501957
2.501980
2.501933
2.502106
2.501865
2.501993
2.501941
2.501725
2.501777
2.501868
2.501657
2.501625
2.501819
2.502202
2.501640
2.501922
2.502055
2.501692
2.502002
2.501805
2.501681
2.502046
2.501718
2.501648
2.501829
2.502021
2.501770
2.501833
2.501743
2.502134
2.501797
2.501968
2.501830
2.501699
2.502219
2.501652
2.501783
2.502046
2.502090
2.501777
2.501718
2.501802
2.501765
2.501758
2.501783
2.501869
2.501542
2.501946
2.502043
2.501780
2.502023
2.501673
2.502008
2.501676
2.501713
2.501996
2.502163
2.501981
2.501875
2.502477
2.502129
2.502393
2.501771
2.502258
2.502449
2.502273
2.501932
2.502103
2.502033
2.502286
2.502033
2.502165
2.501915
2.501765
2.501959
2.501822
2.501902
2.502226
2.501801
2.502182
2.501945
2.502016
2.501781
2.501846
2.502035
2.502196
2.502082
2.501840
2.502135
2.501906
2.502204
2.501922
2.501961
2.501870
2.502251
2.501740
2.502257
2.502293
2.502056
2.502052
2.502073
2.501783
2.502293
2.502235
2.501721
2.501774
2.501886
2.502205
2.501949
2.502172
2.502007
2.502231
2.502052
2.501927
2.501817
2.502068
2.501675
2.501836
2.501792
2.501925
2.501506
2.502100
2.501705
2.501878
2.502238
2.502027
2.501886
2.502064
2.501735
2.502058
2.502071
2.501857
2.501933
2.501870
2.501677
2.501929
2.501934
2.501661
2.502208
2.501740
2.501698
2.502179
2.501645
2.501752
2.501785
2.501596
2.501474
2.501564
2.501648
2.501592
2.501680
2.501933
2.501826
2.501909
2.502066
2.501804
2.501590
2.501566
2.501687
2.501808
2.502172
2.501681
2.501916
2.501922
2.501623
2.501594
2.502107
2.502007
2.501804
2.501717
2.501940
2.501782
2.501726
2.502145
2.501614
2.501881
2.502087
2.502180
2.501681
2.502057
2.502322
2.501728
2.501916
2.501945
2.502151
2.501999
2.501708
2.501789
2.501620
2.501998
2.501910
2.502086
2.501930
2.501912
2.502211
2.501643
2.501518
2.501953
2.501842
2.501899
2.502342
2.502166
2.502239
2.501922
2.502040
2.501851
2.501826
2.501923
2.502013
2.501871
2.501767
2.501621
2.501788
2.501732
2.501972
2.501655
2.501882
2.501830
2.501854
2.501845
2.501659
2.502063
2.501898
2.502052
2.501993
2.501823
2.501661
2.501949
2.502120
2.502272
2.502035
2.501922
2.502016
2.501896
2.501899
2.502089
2.501860
2.502289
2.502151
2.502103
2.502131
2.501770
2.502077
2.502124
2.501785
2.501533
2.501894
2.501926
2.501923
2.501500
2.501940
2.501638
2.501927
2.501784
2.501719
2.502128
2.501860
2.501960
2.502027
2.501826
2.502139
2.502177
2.501670
2.502176
2.502284
2.501745
2.501769
2.502054
2.502101
2.501682
2.502155
2.501766
2.501728
2.501685
2.501591
2.501720
2.501716
2.502253
2.502028
2.501655
2.501990
2.502130
2.501705
2.501570
2.501728
2.501930
2.501679
2.502080
2.501839
2.501833
2.501916
2.502012
2.501777
2.501806
2.501707
2.502186
2.501971
2.501839
2.501839
2.501754
2.502154
2.501638
2.501733
2.501632
2.502042
2.501889
2.501766
2.501934
2.501890
2.501905
2.501949
2.502193
2.501784
2.501780
2.501900
2.501870
2.501916
2.501735
2.501711
2.501973
2.501651
2.501656
2.501739
2.501738
2.501675
2.502063
2.501624
2.501999
2.501635
2.502280
2.502068
2.502125
2.501914
2.501547
2.502034
2.501904
2.501745
2.501529
2.502281
2.501921
2.501833
2.501383
2.501672
2.501957
2.501959
2.501914
2.501751
2.501883
2.501793
2.501815
2.501739
2.501979
2.501862
2.502006
2.501850
2.502109
2.501883
2.501648
2.501932
2.501889
2.501658
2.501946
2.502299
2.501760
2.501993
2.501624
2.502191
2.501945
2.502057
2.501655
2.501887
2.502242
2.502165
2.502244
2.501740
2.501674
2.501925
2.502113
2.502198
2.502317
2.502063
2.501854
2.501703
2.501513
2.501813
2.502035
2.501723
2.502151
2.502085
2.501642
2.501910
2.501825
2.501996
2.501733
2.501665
2.501993
2.502051
2.501663
2.502241
2.501682
2.501817
2.502061
2.501912
2.502409
2.502010
2.502166
2.501785
2.502138
2.502141
2.502173
2.501922
2.502137
2.502298
2.501577
2.502293
2.501968
2.501955
2.501717
2.501954
2.502136
2.501846
2.501762
2.501871
2.502121
2.501760
2.502281
2.502096
2.501992
2.502020
2.501746
2.501891
2.501629
2.501676
2.501688
2.502002
2.502112
2.502079
2.501992
2.501850
2.501998
2.501968
2.502055
2.501708
2.502215
2.501721
2.502087
2.501483
2.501769
2.501910
2.501931
2.502018
2.502104
2.502117
2.502005
2.502186
2.501947
2.501809
2.501571
2.501588
2.501849
2.502267
2.501669
2.501970
2.501575
2.501755
2.501686
2.502100
2.501458
2.501872
2.501947
2.502084
2.501848
2.502156
2.501912
2.501751
2.501736
2.501846
2.502187
2.502202
2.502031
2.501902
2.501947
2.501794
2.501941
2.501660
2.501835
2.501986
2.501890
2.501699
2.501585
2.502052
2.501846
2.501872
2.501843
2.502155
2.501926
2.501923
2.501646
2.501690
2.501954
2.502269
2.501973
2.501810
2.501918
2.501950
2.501950
2.501829
2.501785
2.501708
2.501784
2.501727
2.502012
2.501462
2.501729
2.501663
2.501516
2.501720
2.501646
2.501979
2.501613
2.502042
2.501814
2.501851
2.501925
2.501896
2.502234
2.501580
2.501624
2.501769
2.501877
2.501892
2.501628
2.502025
2.502004
2.501680
2.501729
2.502107
2.502280
2.501927
2.501594
2.501832
2.501655
2.501831
2.501541
2.501645
2.502000
2.501618
2.502089
2.501542
2.501662
2.501884
2.501728
2.501725
2.502163
2.501818
2.502040
2.501894
2.502015
2.501729
2.501812
2.501638
2.502119
2.501774
2.501915
2.502025
2.501712
2.501905
2.502189
2.501568
2.502007
2.502041
2.502176
2.501831
2.501822
2.501882
2.501864
2.501597
2.502048
2.501597
2.501758
2.501746
2.501852
2.501614
2.501675
2.501675
2.501692
2.502039
2.501599
2.501934
2.501427
2.501890
2.501895
2.501722
2.501756
2.502204
2.501694
2.501895
2.501418
2.501837
2.501923
2.501744
2.502007
2.501893
2.501879
2.501836
2.501888
2.501943
2.501682
2.502244
2.501990
2.501761
2.502236
2.501742
2.501749
2.501663
2.502093
2.501891
2.502250
2.501666
2.501624
2.501856
2.501429
2.502074
2.501831
2.501944
2.501724
2.501809
2.501886
2.502185
2.501951
2.501857
2.501908
2.501863
2.501628
2.501729
2.501830
2.501966
2.502079
2.501916
2.501897
2.501799
2.501712
2.501707
2.502041
2.501581
2.501650
2.501994
2.501662
2.501879
2.501966
2.501733
2.501911
2.501966
2.502142
2.502157
2.501489
2.501642
2.502038
2.501834
2.501669
2.501903
2.502101
2.501961
2.501909
2.501957
2.501756
2.501894
2.502008
2.502201
2.501849
2.501738
2.501997
2.502048
2.501653
2.502039
2.501914
2.501404
2.502023
2.501981
2.502210
2.501853
2.501871
2.502085
2.502106
2.501817
2.501972
2.501581
2.501667
2.501700
2.502188
2.502066
2.501938
2.501973
2.501877
2.501697
2.501884
2.501722
2.501800
2.502035
2.501779
2.502103
2.501847
2.501872
2.501837
2.502096
2.501732
2.502129
2.501944
2.501899
2.501782
2.502290
2.501788
2.502038
2.501752
2.502094
2.501877
2.501710
2.501685
2.502000
2.501931
2.502145
2.501970
2.502035
2.502109
2.502049
2.502036
2.501928
2.502021
2.501845
2.501888
2.501665
2.502006
2.502060
2.502068
2.501817
2.501870
2.502259
2.501945
2.501781
2.501652
2.502259
2.501985
2.501898
2.501828
2.501863
2.502190
2.501985
2.502181
2.502169
2.501900
2.501896
2.501897
2.501840
2.501824
2.502119
2.501801
2.501994
2.502008
2.501627
2.501981
2.501829
2.501863
2.501721
2.501962
2.501964
2.501829
2.502165
2.501710
2.501831
2.501827
2.501705
2.501976
2.501903
2.501993
2.501941
2.502148
2.501870
2.501785
2.501982
2.501987
2.501874
2.501837
2.502249
2.501692
2.501636
2.501893
2.502164
2.502077
2.501932
2.502004
2.502272
2.502102
2.502352
2.502043
2.502064
2.502366
2.501862
2.501885
2.502087
2.501844
2.502018
2.502250
2.501899
2.501975
2.502217
2.501961
2.501639
2.502365
2.502262
2.502052
2.502234
2.502123
2.501992
2.501822
2.501863
2.501953
2.502042
2.501744
2.502208
2.502028
2.501945
2.501729
2.501969
2.501979
2.501903
2.501930
2.502191
2.502190
2.501920
2.501944
2.501968
2.501688
2.501709
2.501994
2.501866
2.502189
2.502228
2.501822
2.502217
2.502197
2.502202
2.502361
2.501840
2.502198
2.502204
2.502070
2.502009
2.502004
2.501877
2.501982
2.501704
2.502146
2.501718
2.501905
2.502192
2.502020
2.502173
2.502229
2.501863
2.502191
2.502011
2.501773
2.502152
2.501901
2.502001
2.501789
2.501863
2.501836
2.501913
2.502162
2.501727
2.501769
2.501782
2.501868
2.501885
2.502104
2.502055
2.502125
2.501855
2.502251
2.501647
2.502008
2.501905
2.501912
2.501703
2.501843
2.501936
2.502120
2.501932
2.502083
2.501768
2.502223
2.501878
2.501856
2.501733
2.501850
2.501897
2.502004
2.502131
2.501984
2.501873
2.502000
2.501818
2.502020
2.501519
2.501863
2.501642
2.501788
2.501681
2.501725
2.501680
2.502271
2.501574
2.502166
2.502118
2.501824
2.501991
2.502104
2.502147
2.502077
2.502306
2.502064
2.501898
2.501920
2.502226
2.501771
2.502398
2.502420
2.502205
2.501606
2.502311
2.502167
2.502222
2.502210
2.501830
2.502037
2.502075
2.501854
2.502126
2.501819
2.501993
2.501877
2.501947
2.502162
2.501984
2.502007
2.501948
2.502248
2.501974
2.502104
2.501962
2.502432
2.502296
2.502162
2.501967
2.502059
2.501871
2.501891
2.501693
2.501769
2.502007
2.501772
2.501956
2.501846