2.500829
2.500776
2.501079
2.501244
2.501208
2.501442
2.500881
2.501280
2.501376
2.501103
2.500773
2.500768
2.500926
2.500983
2.500784
2.500839
2.500869
2.501208
2.500885
2.501167
2.500889
2.500912
2.500885
2.500942
2.500923
2.500785
2.500836
2.500746
2.501002
2.501002
2.500981
2.501187
2.501099
2.500838
2.500750
2.501145
2.500826
2.501053
2.501069
2.500959
2.500891
2.500940
2.500897
2.500798
2.500812
2.500776
2.500934
2.500892
2.501234
2.500786
2.501155
2.501177
2.500909
2.501293
2.500977
2.500898
2.500791
2.500804
2.501001
2.501070
2.500812
2.500779
2.501032
2.501589
2.501279
2.500843
2.501258
2.500763
2.500952
2.500784
2.500826
2.501052
2.501024
2.500706
2.501016
2.500998
2.501109
2.500722
2.500566
2.500928
2.500893
2.500920
2.500733
2.500758
2.501159
2.501022
2.500638
2.500905
2.500804
2.500880
2.501019
2.500947
2.500698
2.500717
2.500758
2.501163
2.500875
2.500829
2.501199
2.500848
2.500703
2.501028
2.500675
2.501001
2.500894
2.500682
2.501346
2.500625
2.501016
2.500877
2.500812
2.500719
2.500899
2.501084
2.500852
2.500921
2.500944
2.501144
2.500993
2.500798
2.500735
2.500820
2.500865
2.501159
2.500905
2.500832
2.500886
2.500949
2.501117
2.500697
2.501121
2.500987
2.500781
2.500780
2.500740
2.500750
2.500815
2.500832
2.500781
2.500881
2.500826
2.501019
2.500978
2.500704
2.500836
2.500794
2.500769
2.500746
2.500930
2.500843
2.500963
2.500907
2.500901
2.501169
2.500872
2.501151
2.501279
2.501249
2.500909
2.501006
2.501001
2.501013
2.501441
2.501109
2.501014
2.501091
2.500936
2.500839
2.501125
2.500867
2.501085
2.500986
2.500773
2.500873
2.500896
2.500851
2.500956
2.500833
2.501153
2.501203
2.501086
2.500882
2.501393
2.500938
2.500813
2.501123
2.500863
2.500851
2.501054
2.500888
2.501053
2.500920
2.501070
2.501085
2.500781
2.500848
2.500858
2.500947
2.501155
2.500859
2.500968
2.501124
2.501115
2.500904
2.500898
2.500798
2.500773
2.500893
2.500722
2.501341
2.500884
2.500910
2.500872
2.501098
2.500799
2.500699
2.500974
2.501051
2.500963
2.500977
2.501261
2.501124
2.501030
2.501204
2.500777
2.500960
2.501018
2.500971
2.501130
2.501121
2.501112
2.501231
2.500917
2.500948
2.500951
2.500795
2.501038
2.501009
2.500926
2.500911
2.500840
2.500969
2.500941
2.500906
2.500780
2.501154
2.501353
2.500941
2.500926
2.500910
2.501155
2.501103
2.500962
2.501151
2.500980
2.501044
2.500925
2.501489
2.500998
2.500967
2.500863
2.500934
2.500656
2.501081
2.501149
2.500991
2.500921
2.500903
2.500917
2.501451
2.500872
2.500932
2.500858
2.501073
2.501150
2.500885
2.501057
2.500904
2.501427
2.500859
2.501075
2.501146
2.501155
2.501151
2.500930
2.500811
2.500906
2.501148
2.501037
2.500981
2.501008
2.500958
2.500744
2.501115
2.501176
2.500719
2.500823
2.500854
2.500785
2.501131
2.501047
2.500966
2.500872
2.500992
2.501067
2.501095
2.500844
2.501057
2.500871
2.500702
2.501185
2.500879
2.501078
2.500738
2.501012
2.501026
2.500942
2.500686
2.501113
2.501087
2.500866
2.500829
2.500790
2.500928
2.500881
2.500700
2.500800
2.500946
2.500847
2.501013
2.501241
2.501156
2.500739
2.501139
2.500899
2.500891
2.500916
2.500994
2.500887
2.501192
2.500933
2.500876
2.500905
2.500998
2.501071
2.500881
2.500777
2.500999
2.500661
2.500892
2.500943
2.501069
2.500724
2.500778
2.500799
2.500749
2.500826
2.501032
2.500784
2.500953
2.501155
2.500772
2.501086
2.500862
2.500858
2.501139
2.500857
2.500982
2.500903
2.501144
2.500982
2.500852
2.501060
2.500890
2.500901
2.501049
2.501013
2.500949
2.500831
2.500765
2.501213
2.500905
2.501061
2.500884
2.500895
2.500907
2.501037
2.501054
2.500814
2.501312
2.500947
2.501135
2.501046
2.500887
2.501051
2.501093
2.501034
2.500827
2.500912
2.501207
2.500887
2.500915
2.500922
2.500935
2.500939
2.501043
2.501138
2.500867
2.501104
2.500833
2.500843
2.501086
2.500983
2.501149
2.500809
2.500941
2.500845
2.500789
2.500869
2.501292
2.501062
2.500943
2.500847
2.500895
2.500847
2.500869
2.500828
2.501043
2.500857
2.500833
2.501070
2.500918
2.500857
2.501045
2.501073
2.500803
2.500785
2.501151
2.500882
2.501148
2.500922
2.501360
2.500823
2.501314
2.501245
2.500908
2.500870
2.500782
2.500769
2.500898
2.500900
2.500792
2.500898
2.500797
2.500745
2.500772
2.500772
2.500944
2.501038
2.500747
2.500916
2.500830
2.500844
2.500972
2.501177
2.500835
2.501044
2.501064
2.500706
2.500849
2.501051
2.500782
2.500947
2.500805
2.500687
2.500932
2.500795