-0.929482
-1.152217
-1.045997
-1.042714
-1.046915
-1.076263
-0.914460
-1.022213
-1.058731
-1.087041
-0.928313
-0.928131
-0.931846
-0.960423
-0.946464
-0.933644
-0.918936
-1.057093
-0.940640
-1.063718
-0.918645
-0.914805
-0.916635
-0.971705
-0.915173
-0.934825
-0.915426
-0.924368
-0.937822
-1.033905
-0.942048
-1.074735
-1.185112
-0.942929
-0.934973
-1.241833
-0.939445
-0.906723
-1.036943
-1.133149
-0.927471
-1.055119
-0.999064
-0.931398
-1.086418
-0.919385
-0.947389
-0.982463
-1.046404
-0.934986
-1.081714
-1.082945
-0.921629
-1.107743
-0.928241
-0.932131
-0.945496
-0.934512
-0.936836
-0.930344
-0.894882
-0.922084
-0.924166
-1.087587
-1.075815
-0.930446
-1.037737
-0.915664
-0.961301
-0.917824
-1.018019
-1.092906
-0.897058
-0.985347
-1.001916
-0.938059
-1.028327
-0.913144
-0.932757
-0.935194
-0.951454
-0.979581
-1.068538
-0.929828
-1.059945
-0.924367
-0.919720
-0.913475
-0.941834
-0.976147
-1.033687
-0.921926
-0.929628
-0.938453
-0.925527
-1.069560
-0.943139
-0.915741
-1.062649
-1.073223
-0.931643
-0.998101
-0.985852
-1.059327
-0.934197
-0.944245
-1.093745
-1.053210
-1.034025
-1.005076
-0.931487
-0.932431
-0.906396
-1.038701
-0.934295
-0.937863
-0.946191
-1.064447
-1.017020
-0.943390
-0.915052
-0.918701
-0.948221
-1.228028
-0.917556
-0.934961
-0.898473
-0.927638
-1.151590
-1.058856
-1.225724
-1.098627
-0.940060
-0.924798
-0.901105
-0.927050
-0.937164
-0.915441
-0.948441
-0.946978
-0.911240
-1.012879
-0.925535
-0.934751
-0.903423
-0.926457
-1.010791
-0.924278
-1.048986
-1.040686
-0.933153
-0.936133
-0.958989
-0.915126
-0.889156
-1.039420
-1.035021
-1.073813
-0.921307
-0.918298
-1.011923
-0.982239
-1.057968
-0.925029
-0.927378
-0.958260
-1.072889
-0.912805
-0.925522
-1.074539
-1.050908
-0.941223
-0.936879
-0.929263
-0.948654
-0.919310
-0.920647
-0.938471
-1.063524
-1.064850
-1.082286
-0.922274
-1.030528
-0.932899
-0.940085
-1.141945
-0.933437
-0.892106
-0.927571
-0.928291
-0.954641
-0.917484
-0.931202
-1.075732
-0.933146
-0.940611
-1.029604
-0.993870
-1.051456
-0.910963
-0.936075
-1.008027
-1.067012
-0.924924
-0.994803
-0.921467
-0.915013
-0.928045
-0.911279
-1.086144
-0.933700
-0.948949
-0.916156
-1.017972
-1.073185
-0.946118
-0.925815
-1.082720
-0.923028
-0.921280
-1.072579
-0.914778
-0.930239
-1.073596
-0.947340
-0.962524
-1.001055
-0.988623
-1.074403
-0.923902
-0.925210
-1.222568
-0.941135
-0.946058
-0.927370
-1.059564
-1.001596
-0.911591
-0.923007
-0.955514
-0.929317
-0.909341
-0.937471
-0.914907
-0.932342
-1.041797
-1.101417
-0.938005
-0.929500
-1.086613
-1.084506
-0.943624
-0.925753
-1.089942
-1.088297
-0.924848
-0.925435
-1.042341
-0.916840
-0.951425
-1.074776
-0.920003
-0.893969
-0.924891
-1.055042
-1.090117
-0.947318
-0.931317
-0.985246
-1.087942
-0.947671
-0.941303
-1.071128
-0.946661
-0.985503
-1.085134
-0.973999
-0.925889
-1.078335
-0.917012
-1.019319
-1.009590
-1.029397
-1.073904
-0.914228
-0.913658
-0.933681
-1.036884
-0.934545
-0.927184
-0.902514
-0.945334
-0.948291
-1.062346
-1.086676
-0.917553
-0.928985
-0.918145
-0.931367
-1.071098
-1.018290
-0.977924
-1.039846
-1.039761
-1.085017
-1.065474
-1.089780
-1.041065
-1.090578
-0.926225
-1.082358
-0.923654
-1.020852
-0.921198
-0.884981
-1.021171
-1.022577
-0.929781
-1.050966
-1.028686
-0.935432
-0.921805
-0.920345
-0.921448
-0.955290
-0.962203
-0.933570
-1.004759
-0.911388
-1.062577
-1.243725
-0.888843
-0.909696
-1.070331
-0.940791
-0.919997
-0.939784
-1.000160
-1.005162
-1.072067
-1.045061
-0.916915
-0.899687
-1.041948
-0.942526
-1.102671
-0.918463
-1.056358
-0.933337
-1.058884
-0.936249
-0.935893
-0.992349
-0.962739
-1.010655
-1.003806
-1.099142
-1.024155
-0.958819
-0.927874
-1.104347
-0.906556
-1.033241
-0.927979
-0.921458
-0.919068
-0.915886
-0.923691
-0.926330
-1.089295
-0.946256
-0.935536
-1.065367
-0.952355
-0.994244
-1.044557
-1.011640
-0.915154
-0.949103
-0.922058
-1.081943
-0.933083
-0.910944
-1.001053
-0.933753
-0.986812
-1.039158
-1.034976
-1.077291
-1.075954
-0.932088
-0.959841
-0.908902
-0.949320
-0.933216
-0.926803
-0.928937
-1.021951
-0.929804
-1.051432
-1.034002
-0.927939
-1.078846
-0.960570
-0.981180
-0.918990
-1.071538
-1.046322
-0.927704
-0.919060
-0.932687
-1.080413
-0.958522
-0.970234
-0.931537
-1.026570
-1.019810
-0.925580
-0.951316
-1.056982
-1.077164
-0.936124
-0.947561
-1.019325
-0.911199
-0.929650
-0.922017
-1.060011
-0.933120
-0.916141
-0.920257
-1.015383
-1.052709
-1.072664
-0.927919
-0.899819
-0.929443
-1.046420
-0.956615
-1.039799
-0.928704
-1.073571
-0.921923
-1.084002
-1.064527
-1.049826
-1.068052
-0.912566
-1.043854
-0.979788
-0.957164
-1.074639
-0.925550
-1.073141
-1.071451
-0.917242
-0.914423
-1.003953
-1.056829
-0.936559
-0.946059
-0.955706
-0.993219
-1.143318
-1.076170
-0.939363
-1.052688
-1.080020
-0.945006
-0.916310
-0.891008
-0.925898
-0.928127
-0.922592
-0.898638
-0.919858
-0.949398