-0.936140
-0.934244
-0.936414
-1.036299
-1.042590
-1.112262
-1.104723
-1.055161
-1.076324
-1.007448
-0.953196
-0.940384
-0.930082
-0.914564
-0.956801
-0.929272
-1.051972
-0.954074
-0.922913
-0.985995
-0.918794
-1.109409
-1.008952
-1.032543
-1.106276
-1.075575
-0.953654
-1.078999
-0.973966
-0.921857
-1.024976
-0.929544
-0.916159
-0.922146
-1.108316
-1.015715
-0.951678
-0.932450
-1.088991
-1.051055
-0.934891
-0.932719
-0.941344
-0.933461
-0.913429
-0.937915
-0.941071
-0.932504
-0.935392
-1.086223
-0.984517
-0.933369
-1.009265
-0.926760
-0.920500
-1.047578
-0.941422
-1.090202
-0.924305
-0.914427
-1.079071
-0.926696
-1.092570
-0.947791
-0.990638
-1.054023
-1.094256
-0.936429
-1.113420
-0.918618
-0.955607
-0.993404
-0.962648
-0.932522
-0.951112
-0.994930
-0.928135
-0.909811
-0.924090
-0.923594
-0.927603
-1.031769
-1.012544
-1.073082
-0.937501
-0.966730
-0.968504
-1.071841
-0.931167
-0.933962
-1.087312
-0.929246
-1.084357
-0.934789
-0.927021
-1.045575
-0.953127
-1.051369
-0.926152
-1.071484
-1.053166
-0.999867
-1.096503
-0.909938
-1.039362
-1.094330
-0.926995
-0.959427
-0.955721
-1.007875
-0.932969
-1.028548
-0.980721
-0.945802
-0.945277
-1.011153
-0.962482
-1.076500
-0.938345
-0.947735
-1.015864
-0.925430
-0.927615
-1.082716
-0.986879
-0.932719
-0.929201
-1.104634
-1.035835
-1.005945
-1.063976
-1.084195
-0.929157
-0.926110
-0.973413
-0.932087
-0.915024
-1.055459
-0.941856
-0.938816
-1.098545
-0.919722
-1.082302
-0.980494
-1.091703
-0.941222
-1.047636
-0.917503
-0.942282
-0.946534
-0.928187
-0.937439
-1.084582
-0.916542
-1.012396
-0.988324
-0.923510
-0.918132
-1.086716
-0.950989
-0.992215
-0.914659
-0.987844
-0.935567
-0.930447
-1.022018
-0.983441
-1.060895
-1.030322
-0.936078
-1.082426
-1.076322
-1.036604
-0.906521
-0.961709
-1.023054
-0.968785
-0.983734
-0.957338
-0.998989
-0.927978
-0.944113
-0.945188
-1.067780
-0.920696
-1.110760
-1.061992
-0.912198
-0.926848
-1.103568
-0.958148
-1.072998
-0.940516
-1.059067
-0.910762
-1.083942
-0.938191
-1.070500
-1.076804
-0.959855
-0.918069
-1.084622
-1.079832
-1.044684
-1.017024
-0.925995
-1.066813
-0.934655
-0.913685
-0.923060
-0.956810
-0.943649
-0.932153
-0.940943
-0.933654
-0.941288
-1.020820
-0.925985
-1.105085
-1.037374
-1.006221
-0.965274
-1.004559
-0.922539
-1.074065
-0.947139
-1.091922
-0.926458
-0.936448
-0.913006
-0.937333
-0.928552
-0.987103
-1.061235
-0.938850
-1.074531
-0.928603
-0.946192
-1.084842
-0.938264
-0.973938
-0.934152
-0.933391
-1.035860
-1.026467
-0.955775
-0.930355
-0.968907
-0.927684
-1.008558
-1.026772
-0.957044
-1.013535
-1.049950
-0.934668
-1.071371
-0.939327
-0.916989
-0.927728
-0.931247
-1.103088
-0.932874
-1.107056
-0.940614
-0.927629
-1.098872
-1.033058
-1.064723
-0.936335
-0.941989
-0.923759
-0.940652
-0.924887
-0.927319
-0.934135
-0.923723
-1.088192
-0.941890
-0.916892
-0.931182
-0.965851
-1.070960
-1.055667
-0.981838
-1.082036
-1.039684
-0.913517
-0.967016
-0.925951
-0.944669
-0.932237
-0.917718
-1.027060
-0.926759
-0.939138
-0.929487
-1.050615
-0.940541
-0.913197
-0.928694
-0.920981
-0.934702
-0.933379
-0.945856
-0.951027
-1.059604
-1.047110
-0.943974
-1.059406
-0.992807
-0.979226
-1.044545
-1.063291
-0.911674
-0.930765
-0.943986
-0.978847
-0.928696
-0.927985
-0.919190
-0.928327
-0.944829
-1.053074
-0.948356
-0.971711
-0.924582
-1.008253
-0.934942
-0.926208
-1.048866
-1.078348
-0.915005
-0.918959
-0.917356
-0.922004
-0.941934
-1.096402
-1.077804
-1.033378
-0.966173
-1.091940
-0.926044
-1.093031
-0.959964
-0.936318
-0.978288
-1.096138
-0.921048
-0.919527
-0.935047
-1.030114
-0.945764
-0.957122
-1.025389
-0.908139
-1.049911
-0.922563
-0.927806
-1.068807
-0.960430
-0.915214
-0.926823
-1.099613
-0.925861
-0.948429
-0.927020
-1.089748
-0.923551
-0.987078
-0.945676
-0.919644
-1.029827
-0.934451
-0.913672
-0.940735
-1.026884
-0.939854
-0.920769
-0.924274
-0.910643
-0.941912
-0.920283
-0.913936
-0.934727
-0.950391
-1.082283
-0.918738
-1.057619
-0.955960
-1.033345
-0.930447
-0.922441
-0.946145
-1.070702
-0.972853
-0.921362
-1.017863
-0.964316
-0.990083
-0.925498
-1.050257
-1.016830
-0.999018
-0.931157
-1.060516
-0.936217
-1.098083
-0.934675
-1.030803
-0.926352
-0.922451
-0.914786
-0.950783
-0.930340
-1.077950
-0.929574
-0.980932
-0.967415
-0.982844
-0.944852
-0.950804
-1.028486
-1.045030
-0.933973
-0.944429
-1.095791
-0.913336
-1.060807
-0.942512
-0.978525
-0.941313
-1.058206
-0.905869
-1.075349
-1.028707
-1.072918
-1.083718
-1.005371
-0.943888
-1.049812
-1.050610
-0.926022
-0.923858
-0.955274
-1.080038
-0.923029
-1.056810
-1.069041
-0.990867
-0.958516
-0.926924
-0.955706
-1.073122
-0.929186
-0.991113
-0.944129
-1.026354
-0.905636
-1.070138
-0.958335
-1.067507
-1.022074
-1.029496
-1.057771
-0.991055
-0.919853
-1.062639
-1.075532
-0.939273
-1.067589
-0.948444
-0.925963
-1.073413
-1.096577
-0.978318
-1.015208
-0.968627
-0.973006
-1.021360
-0.917622
-0.923515
-0.914191
-0.941261
-0.865104
-0.933268
-0.931068
-0.943353
-0.938016
-1.047972
-1.050768
-0.996331
-0.999235
-0.960666
-0.926474
-0.940797
-0.930500
-1.076216
-1.064806
-0.936612
-0.939712
-0.953105
-0.910328
-0.939498
-1.050942
-1.070327
-0.921525
-0.919668
-0.989969
-0.980390
-0.931661
-1.082555
-0.927019
-0.923907
-1.030394
-0.989607
-0.945838
-1.025130
-1.057303
-0.934059
-1.074455
-1.097412
-1.080925
-1.079075
-0.942643
-0.973234
-0.911645
-0.932741
-0.948665
-1.076258
-1.088641
-0.990453
-1.092987
-0.914084
-0.918605
-1.113152
-1.097074
-0.931319
-1.039290
-1.007509
-1.089825
-0.952930
-1.097457
-0.932416
-0.909490
-0.981636
-1.015047
-1.062289
-0.933470
-0.913555
-0.913093
-0.925955
-1.076350
-0.917479
-1.056952
-0.950405
-0.952486
-0.936741
-0.921429
-1.028265
-0.918491
-1.078339
-1.027103
-0.972656
-0.919613
-0.927537
-1.001201
-1.031564
-0.948859
-0.990759
-1.078917
-1.069512
-1.098760
-1.070844
-0.976860
-1.014129
-1.034758
-0.988233
-1.014150
-1.136392
-1.053240
-1.052333
-0.913326
-0.928903
-0.979562
-0.933408
-0.983303
-0.910492
-1.073718
-0.941126
-0.984433
-0.979339
-0.940011
-1.021210
-0.928485
-1.085890
-1.040591
-0.976196
-1.086025
-1.078332
-0.934152
-0.995935
-1.000340
-0.940325
-0.934627
-1.008185
-1.094825
-0.927659
-1.045450
-0.964722
-0.948341
-0.938138
-0.918653
-0.935053
-0.941050
-1.029135
-1.039503
-0.917575
-1.000191
-1.043712
-0.954216
-0.937696
-1.079666
-0.907070
-0.934786
-1.052044
-0.969782
-0.949443
-1.065372
-1.055034
-0.912961
-0.942869
-0.916105
-1.080767
-0.987064
-0.922929
-0.940276
-0.930104
-1.045955
-0.914418
-0.916597
-0.955509
-1.052896
-0.929723
-0.919125
-1.012646
-1.070740
-0.972598
-0.998803
-1.066597
-1.048189
-0.934704
-0.978255
-1.063401
-0.952427
-0.925903
-0.930609
-0.944440
-0.922117
-0.927194
-0.916306
-0.941898
-0.931015
-0.993754
-0.917980
-1.055931
-0.948596
-1.034283
-1.083964
-1.034155
-0.965172
-0.924123
-1.033693
-1.078548
-0.961735
-0.916647
-1.036595
-1.041709
-1.012206
-0.909674
-0.916844
-0.932069
-1.060210
-0.937274
-0.951139
-1.002888
-0.967961
-0.932551
-0.936561
-1.048275
-1.082758
-1.084340
-1.050626
-1.030120
-0.976764
-0.971039
-1.009726
-1.012026
-0.922770
-1.080083
-1.074508
-0.929213
-0.944026
-0.923666
-1.016654
-0.930899
-0.930373
-0.913350
-0.946569
-1.063107
-1.021074
-1.000386
-0.951926
-0.916105
-0.936933
-0.989550
-1.052393
-1.056024
-0.998527
-0.982715
-0.934853
-0.921037
-0.966765
-1.066668
-0.942693
-1.072325
-1.071872
-0.922290
-0.982495
-0.936719
-0.924991
-0.921825
-0.934134
-1.057636
-1.102743
-0.936881
-1.029120
-0.921775
-0.916869
-0.949707
-1.076680
-1.036940
-0.949534
-1.042497
-0.930175
-1.074620
-1.084181
-1.066178
-1.013774
-0.995120
-1.015013
-0.916498
-1.021469
-1.065657
-0.945103
-0.938369
-1.104731
-1.090082
-0.930399
-0.910279
-0.950056
-1.001864
-0.916718
-1.004852
-1.011724
-0.931473
-1.033936
-0.942956
-1.056434
-0.913045
-0.925617
-0.901969
-0.986915
-1.101561
-1.040353
-0.939237
-0.959909
-1.079379
-1.074920
-1.031766
-0.930946
-1.096720
-0.935569
-1.097021
-0.932607
-0.927958
-1.069329
-0.983552
-1.027880
-1.076801
-1.020030
-1.067903
-1.060077
-1.015412
-0.954759
-0.946471
-0.934203
-0.956097
-1.015365
-1.096617
-1.017372
-0.921676
-0.936789
-0.922745
-1.020832
-0.944825
-1.075082
-1.090403
-1.074718
-0.956517
-1.051104
-0.997102
-0.920638
-0.951646
-0.924772
-1.005242
-1.021488
-1.094735
-0.932776
-1.042988
-0.935648
-0.957055
-0.947250
-0.970626
-0.993859
-0.958703
-0.930995
-0.919035
-0.984098
-0.923975
-0.973094
-0.943363
-0.971916
-0.935611
-1.002782
-0.937159
-0.964990
-1.004593
-1.015353
-1.083157
-0.953500
-1.018700
-1.049716
-1.043251
-0.927908
-0.920106
-0.927934
-0.934612
-0.968621
-0.991003
-0.909370
-1.090037
-0.918226
-0.928247
-0.938772
-0.944542
-1.066568
-0.939210
-1.083041
-0.929699
-1.087183
-1.089348
-0.955896
-1.015359
-0.924862
-0.932777
-0.938324
-0.934656
-1.012789
-0.919581
-1.090019
-0.966869
-0.899332
-0.940225
-1.104697
-1.078243
-1.022116
-1.076166
-0.962092
-0.939239
-1.085742
-0.934391
-0.910970
-1.020736
-0.940201
-1.039636
-0.919434
-0.977917
-1.080439
-0.925269
-0.941097
-1.087289
-0.932674
-0.994835
-1.090098
-1.041992
-0.923313
-0.926387
-0.932700
-1.082594
-0.930470
-0.938331
-0.992346
-0.954548
-1.051520
-1.085773
-0.947620
-0.947883
-1.080366
-1.036368
-0.938160
-0.945885
-0.995896
-0.988885
-0.921544
-1.078332
-0.929835
-0.949223
-0.932145
-1.074597
-0.942330
-0.944975
-0.928239
-0.943966
-1.021302
-0.932741
-1.059977
-0.920967
-0.982670
-0.986244
-0.953386
-0.981742
-1.084916
-0.979843
-1.089442
-0.924265
-1.062122
-1.004373
-0.941495
-1.080374
-0.946663
-1.067674
-1.055339
-1.111477
-0.947456
-0.979796
-1.027926
-0.994721
-0.935253
-1.007902
-0.930802
-0.971119
-0.971900
-1.070728
-1.055716
-1.084674
-0.900336
-0.920415
-0.980539
-0.909175
-1.063385
-0.934541
-0.922335
-0.935945
-1.000584
-1.072093
-1.053225
-0.920332
-1.025772
-0.938683
-1.089010
-0.918622
-0.925143
-1.054644
-1.055517
-1.046888
-0.963338
-0.935424
-0.931031
-0.928704
-0.951071
-0.990865
-0.918796
-0.960532
-1.038169
-0.984467
-1.056531
-1.103521
-0.970795
-1.067459
-0.979198
-1.015857
-1.075122
-0.902467
-0.963835
-1.065116
-0.935000
-0.960255
-1.037138
-1.005458
-0.932719
-0.918187
-0.984842
-0.941950
-0.937383
-0.984968
-1.025960
-0.980981
-0.921291
-1.090925
-1.043849
-0.937683
-1.083965
-1.080202
-0.930057
-1.052922
-1.077804
-0.964450
-1.103798
-1.094806
-1.057863
-1.005583
-0.980369
-1.098726
-0.936936
-0.925996
-0.924740
-1.053186
-1.051698
-0.948804
-1.071965
-0.937983
-0.889658
-0.931124
-0.946439
-0.908341
-0.954712
-0.933470
-1.067683
-0.932013
-0.931999
-0.919813
-1.067200
-0.902691
-1.076930
-0.913642
-0.927681
-0.909784
-1.071346
-0.921551
-1.081982
-0.933502
-1.072199
-0.947199
-0.932075
-0.985294
-1.081660
-0.956602
-1.079539
-0.926092
-1.059132
-1.047562
-1.030779
-0.937491
-0.935377
-0.951763
-0.939166
-0.913181
-0.922839
-1.082664
-0.974641
-1.097215
-1.105017
-0.937778
-1.003970
-1.071481
-0.950307
-0.937866
-1.062215
-1.070770
-1.058870
-0.964854
-0.942774
-1.075460
-0.992829
-1.099327
-1.018127
-0.977531
-0.936498
-0.963245
-0.928261
-0.922194
-1.083724
-0.976846
-1.031674
-0.941250
-0.931685
-1.023973
-0.924419
-0.941746
-0.945648
-1.110439
-0.925296
-0.937043
-0.964856
-0.925621
-0.907737
-0.937379
-0.945784
-1.100117
-0.898799
-1.008860
-1.081768
-1.005133
-0.947990
-0.919088
-0.934901
-0.937342
-0.931917
-0.950885
-1.085357
-0.925257
-0.932804
-1.093820
-1.093654
-0.969929
-0.942891
-0.935927
-1.060451
-1.057804
-1.022732
-0.959891
-1.096457
-1.057719
-0.970864
-0.955943
-1.054314
-0.921950
-1.090694
-1.079156
-0.917405
-1.085493
-1.051091
-0.941065
-0.914844
-1.040002
-0.996826
-1.075734
-1.030184
-0.921540
-0.967172
-0.927915
-0.951180
-0.946995
-1.017815
-0.913769
-0.984568
-1.002821
-0.937000
-0.932506
-0.918165
-0.948134
-0.926156
-0.973992
-1.069300
-1.084191
-0.939214
-1.072663
-0.953873
-0.942241
-0.950615
-1.024982
-0.928183
-1.067843
-1.078604
-0.933557
-1.004516
-1.011986
-1.066345
-1.035748
-1.096219
-1.045366
-1.010166
-1.032271
-0.952673
-0.997876
-0.933322
-0.969159
-0.945457
-1.066873
-0.917228
-1.076342
-1.011993
-1.014937
-1.083188
-1.086445
-1.058257
-1.104458
-0.954967
-0.961290
-0.997933
-0.941509
-1.042446
-0.932873
-0.936039
-0.936808
-0.918643
-1.036854
-0.929633
-0.956047
-0.934238
-0.980697
-0.924992
-1.078848
-1.052410
-1.003296
-0.956324
-1.014453
-0.950541
-0.946525
-0.943710
-0.921357
-0.949996
-0.929469
-1.092977
-1.062704
-1.048117
-1.007129
-0.937168
-1.027377
-0.942747
-1.095011
-0.917823
-0.925467
-0.952157
-0.951815
-0.960453
-1.083706
-0.941405
-1.088789
-0.941105
-0.929126
-0.895562
-0.967752
-0.924318
-0.922776
-0.959018
-0.925952
-0.925426
-1.074525
-0.913875
-1.099272
-1.074658
-0.944689
-1.089256
-1.080063
-1.030223
-1.038516
-1.056557
-1.085705
-0.930399
-0.930236
-1.095885
-0.924752
-1.055551
-1.070700
-1.067126
-0.939936
-1.015631
-1.021497
-1.005926
-1.102856
-0.923525
-1.048331
-0.985063
-0.908349
-1.024350
-0.965495
-0.925401
-0.910208
-0.923557
-1.095646
-0.917387
-0.917471
-0.938809
-1.037423
-1.092338
-1.100293
-1.057999
-1.011540
-1.030145
-1.039278
-0.966025
-1.081396
-0.936711
-1.000679
-0.932949
-0.940638
-0.918307
-0.949423
-0.908788
-0.968567