-0.513971
-0.584307
-0.594454
-0.523007
-0.597701
-0.583106
-0.582372
-0.524579
-0.559611
-0.541396
-0.629965
-0.638063
-0.629793
-0.510468
-0.580595
-0.611532
-0.538887
-0.561037
-0.520152
-0.577560
-0.569866
-0.578023
-0.579805
-0.612577
-0.555518
-0.594358
-0.536253
-0.496342
-0.606372
-0.594703
-0.528280
-0.614781
-0.609111
-0.571081
-0.620336
-0.588523
-0.676251
-0.534442
-0.534130
-0.654110
-0.609851
-0.645773
-0.553861
-0.563942
-0.565811
-0.532721
-0.610424
-0.565330
-0.531614
-0.583982
-0.617312
-0.521140
-0.557083
-0.593436
-0.499658
-0.483412
-0.616842
-0.577130
-0.562737
-0.480992
-0.641823
-0.610677
-0.523981
-0.543537
-0.572214
-0.509210
-0.603258
-0.521902
-0.521188
-0.583079
-0.508150
-0.505839
-0.572946
-0.555835
-0.636768
-0.497516
-0.574093
-0.614433
-0.490465
-0.551793
-0.578941
-0.523420
-0.556420
-0.583335
-0.491956
-0.620773
-0.518677
-0.551268
-0.561606
-0.521458
-0.594361
-0.522975
-0.661288
-0.561592
-0.558770
-0.592487
-0.527921
-0.584191
-0.564013
-0.644763
-0.553890
-0.564748
-0.599748
-0.520093
-0.508091
-0.606401
-0.573419
-0.502213
-0.558649
-0.464294
-0.579827
-0.559458
-0.565563
-0.524496
-0.589458
-0.617623
-0.557412
-0.461965
-0.578168
-0.610533
-0.518482
-0.616786
-0.522767
-0.502974
-0.621655
-0.577301
-0.608971
-0.644072
-0.633727
-0.616826
-0.581619
-0.563928
-0.526592
-0.586083
-0.630368
-0.604721
-0.636385
-0.602029
-0.575700
-0.481605
-0.515989
-0.543633
-0.576102
-0.474914
-0.587169
-0.493619
-0.577475
-0.482655
-0.644129
-0.572921
-0.558276
-0.639366
-0.543092
-0.546699
-0.525472
-0.582962
-0.594129
-0.519296
-0.558442
-0.581264
-0.588721
-0.597747
-0.494447
-0.614694
-0.515985
-0.537719
-0.544383
-0.574545
-0.517241
-0.476195
-0.584272
-0.537236
-0.514986
-0.495864
-0.601367
-0.533343
-0.558701
-0.577803
-0.575730
-0.511019
-0.508193
-0.646209
-0.565180
-0.664958
-0.594233
-0.590114
-0.591846
-0.530066
-0.560317
-0.577846
-0.556194
-0.581956
-0.565269
-0.510378
-0.542191
-0.514724
-0.533599
-0.462812
-0.568539
-0.612422
-0.558637
-0.543723
-0.546781
-0.529986
-0.557936
-0.648601
-0.681606
-0.574546
-0.608246
-0.531451
-0.558111
-0.531099
-0.588419
-0.588807
-0.584789
-0.616538
-0.519331
-0.594377
-0.568734
-0.544949
-0.647484
-0.567938
-0.629327
-0.531391
-0.548496
-0.520612
-0.547494
-0.527876
-0.555588
-0.548388
-0.493476
-0.615349
-0.566522
-0.663773
-0.565086
-0.521283
-0.509591
-0.539020
-0.557594
-0.562387
-0.559470
-0.557771
-0.595188
-0.551126
-0.566948
-0.497814
-0.541700
-0.550152
-0.528253
-0.524323
-0.622977
-0.597016
-0.547631
-0.571839
-0.469762
-0.592040
-0.538883
-0.483326
-0.530633
-0.504526
-0.653345
-0.491997
-0.500932
-0.586946
-0.567710
-0.628193
-0.629214
-0.558070
-0.499644
-0.595713
-0.535653
-0.615101
-0.529254
-0.576876
-0.525207
-0.563610
-0.580026
-0.555819
-0.528328
-0.540859
-0.506447
-0.560598
-0.573123
-0.604228
-0.502240
-0.522056
-0.547870
-0.527056
-0.669505
-0.616452
-0.583770
-0.545517
-0.511262
-0.509600
-0.578949
-0.538542
-0.501340
-0.568351
-0.466835
-0.606146
-0.553162
-0.590073
-0.597311
-0.493109
-0.560219
-0.519269
-0.509958
-0.605850
-0.539745
-0.555011
-0.625390
-0.690330
-0.534931
-0.572835
-0.509777
-0.497715
-0.541484
-0.606184
-0.471766
-0.614752
-0.622947
-0.604914
-0.552064
-0.559672
-0.579316
-0.539666
-0.523033
-0.542337
-0.510053
-0.466863
-0.531641
-0.540935
-0.529749
-0.541591
-0.578975
-0.559577
-0.627094
-0.589256
-0.548410
-0.593607
-0.504061
-0.490533
-0.632112
-0.596882
-0.511328
-0.533946
-0.607681
-0.615307
-0.639475
-0.644241
-0.611438
-0.573829
-0.591845
-0.571703
-0.550758
-0.502851
-0.565447
-0.611537
-0.499849
-0.640890
-0.575940
-0.493149
-0.529448
-0.591097
-0.674754
-0.465636
-0.637333
-0.598002
-0.558497
-0.580582
-0.614827
-0.579093
-0.535909
-0.590029
-0.544893
-0.510129
-0.651220
-0.485180
-0.631527
-0.594130
-0.621856
-0.590344
-0.606471
-0.544686
-0.511733
-0.546973
-0.634453
-0.555560
-0.565029
-0.576949
-0.565029
-0.555758
-0.495070
-0.508147
-0.473031
-0.534857
-0.552813
-0.588872
-0.541651
-0.556618
-0.517760
-0.583633
-0.491795
-0.602762
-0.500488
-0.543845
-0.556099
-0.548650
-0.610666
-0.579873
-0.516276
-0.550617
-0.543683
-0.550379
-0.557635
-0.552554
-0.637022
-0.530501
-0.489615
-0.575074
-0.570036
-0.628573
-0.541504
-0.605262
-0.544668
-0.564992
-0.573439
-0.594409
-0.606109
-0.671962
-0.537289
-0.565598
-0.586106
-0.599453
-0.597348
-0.559737
-0.598621
-0.515889
-0.510987
-0.604866
-0.597936
-0.588491
-0.540104
-0.578126
-0.519147
-0.665945
-0.619789
-0.578823
-0.455323
-0.635051
-0.561172
-0.579645
-0.584225
-0.570696
-0.581145
-0.546506
-0.601119
-0.573183
-0.467205
-0.594861
-0.464142
-0.492855
-0.514224
-0.588766
-0.587826
-0.651574
-0.572936
-0.512781
-0.563538
-0.526844
-0.541872
-0.586569
-0.530276
-0.584260
-0.549656
-0.519069
-0.613199
-0.584730
-0.484731
-0.575065
-0.516888
-0.566368
-0.534456
-0.506020
-0.499544
-0.551540
-0.493511
-0.564455
-0.579727
-0.500526
-0.469534
-0.643577
-0.590993
-0.553500
-0.628996
-0.652372
-0.503130
-0.545458
-0.515218
-0.553644
-0.499955
-0.518266
-0.486358
-0.502452
-0.451705
-0.555785
-0.574652
-0.524264
-0.538378
-0.474490
-0.582695
-0.531994
-0.544339
-0.508776
-0.556017
-0.522768
-0.540131
-0.552987
-0.567524
-0.534181
-0.531181
-0.545404
-0.530315
-0.594530
-0.604514
-0.562541
-0.522676
-0.529865
-0.589110
-0.672462
-0.549541
-0.566044
-0.502189
-0.587165
-0.539618
-0.588507
-0.471529
-0.635002
-0.523182
-0.586845
-0.523386
-0.638803
-0.569340
-0.541868
-0.603811
-0.574282
-0.509708
-0.540949
-0.565436
-0.526752
-0.532455
-0.553515
-0.580288
-0.595545
-0.647461
-0.579374
-0.644088
-0.552041
-0.510918
-0.550376
-0.557203
-0.600965
-0.617111
-0.596277
-0.532024
-0.491404
-0.473992
-0.605487
-0.539764
-0.501443
-0.556949
-0.641595
-0.521917
-0.585174
-0.574254
-0.609082
-0.541330
-0.639716
-0.559834
-0.593440
-0.524556
-0.611695
-0.540474
-0.572410
-0.586560
-0.510952
-0.550879
-0.561611
-0.569610
-0.583332
-0.606767
-0.640559
-0.521380
-0.503964
-0.604915
-0.488318
-0.578630
-0.537358
-0.601414
-0.578884
-0.493963
-0.548692
-0.555130
-0.547252
-0.475980
-0.586210
-0.540875
-0.635274
-0.574284
-0.584448
-0.566530
-0.505056
-0.495270
-0.630206
-0.525663
-0.589412
-0.560880
-0.515547
-0.559606
-0.527279
-0.520599
-0.617239
-0.614699
-0.532913
-0.482135
-0.616790
-0.581846
-0.559475
-0.523208
-0.627471
-0.622872
-0.498267
-0.597159
-0.557436
-0.515060
-0.538082
-0.586300
-0.610283
-0.685039
-0.474785
-0.501267
-0.675106
-0.526943
-0.551627
-0.568463
-0.641045
-0.591750
-0.565437
-0.530705
-0.524985
-0.549647
-0.594611
-0.655762
-0.569003
-0.636036
-0.550702
-0.618918
-0.606194
-0.565639
-0.567335
-0.504238
-0.530231
-0.608214
-0.509831
-0.591417
-0.574525
-0.548350
-0.480138
-0.652337
-0.583730
-0.536471
-0.566972
-0.572365
-0.570851
-0.528470
-0.503024
-0.588865
-0.495751
-0.514952
-0.571505
-0.524987
-0.574355
-0.546059
-0.502901
-0.505873
-0.560482
-0.477856
-0.541301
-0.571873
-0.670175
-0.548991
-0.541195
-0.593012
-0.628589
-0.496581
-0.505536
-0.577180
-0.611228
-0.555729
-0.538143
-0.577316
-0.618574
-0.584701
-0.551933
-0.450157
-0.629240
-0.622837
-0.580802
-0.420544
-0.574483
-0.599053
-0.574282
-0.596134
-0.563968
-0.545110
-0.564871
-0.587539
-0.555867
-0.558484
-0.525907
-0.478141
-0.602077
-0.548585
-0.527082
-0.569952
-0.664005
-0.571162
-0.637529
-0.536573
-0.526550
-0.501611
-0.515931
-0.546957
-0.460009
-0.608799
-0.634386
-0.500075
-0.521794
-0.527546
-0.571625
-0.543034
-0.639028
-0.627692
-0.603135
-0.596772
-0.564522
-0.588388
-0.590139
-0.527383
-0.508062
-0.473857
-0.544810
-0.642511
-0.641063
-0.555854
-0.550444
-0.500934
-0.525179
-0.596617
-0.574132
-0.576465
-0.478799
-0.590589
-0.570719
-0.511802
-0.657940
-0.527343
-0.624153
-0.592596
-0.556727
-0.616335
-0.637568
-0.578256
-0.534484
-0.593729
-0.568967
-0.617343
-0.461196
-0.581849
-0.581403
-0.543005
-0.586264
-0.538307
-0.559369
-0.530707
-0.573517
-0.578317
-0.519188
-0.580963
-0.548536
-0.598673
-0.546013
-0.466281
-0.554503
-0.550478
-0.544014
-0.573566
-0.616014
-0.458185
-0.530493
-0.545725
-0.563260
-0.534728
-0.606689
-0.600328
-0.568667
-0.588931
-0.509871
-0.552274
-0.618073
-0.557271
-0.502047
-0.577217
-0.621719
-0.569233
-0.562235
-0.575817
-0.511617
-0.621134
-0.641876
-0.554402
-0.646007
-0.616935
-0.452477
-0.591593
-0.565091
-0.506943
-0.498121
-0.589030
-0.511086
-0.568941
-0.571687
-0.517584
-0.600097
-0.444019
-0.531576
-0.530386
-0.512786
-0.530615
-0.522768
-0.582890
-0.521400
-0.561703
-0.603320
-0.617074
-0.505808
-0.523270
-0.538769
-0.524364
-0.485129
-0.522659
-0.528274
-0.524796
-0.557107
-0.583991
-0.580816
-0.600215
-0.561775
-0.502148
-0.537578
-0.575757
-0.570803
-0.505295
-0.597816
-0.622810
-0.614578
-0.528806
-0.519185
-0.625626
-0.468752
-0.602926
-0.573977
-0.535022
-0.496780
-0.589470
-0.549596
-0.666860
-0.485622
-0.528857
-0.565478
-0.505256
-0.568435
-0.579153
-0.598236
-0.532345
-0.550537
-0.489001
-0.601159
-0.521286
-0.578964
-0.640403
-0.526023
-0.474111
-0.530174
-0.476022
-0.567563
-0.530441
-0.586768
-0.503938
-0.571686
-0.603071
-0.545580
-0.563046
-0.599460
-0.582538
-0.566797
-0.564017
-0.495130
-0.553912
-0.544821
-0.505622
-0.499982
-0.557287
-0.570606
-0.531769
-0.600607
-0.586809
-0.646243
-0.538321
-0.555522
-0.518435
-0.607385
-0.495334
-0.484458
-0.544371
-0.610404
-0.492278
-0.589611
-0.549574
-0.531120
-0.541536
-0.482735
-0.615895
-0.531964
-0.595548
-0.525906
-0.548524
-0.652879
-0.545886
-0.606769
-0.496407
-0.613420
-0.589166
-0.529167
-0.566089
-0.555627
-0.594485
-0.570750
-0.505413
-0.518123
-0.608604
-0.499205
-0.609876
-0.549001
-0.504879
-0.571269
-0.615599
-0.522606
-0.432958
-0.548837
-0.560704
-0.517134
-0.603718
-0.580736
-0.597431
-0.516106
-0.623597
-0.592717
-0.490728
-0.606243
-0.621091
-0.610005
-0.492851
-0.532063
-0.646904
-0.628599
-0.571253
-0.531874
-0.462586
-0.602788
-0.542625
-0.527731
-0.587031
-0.579169
-0.539869
-0.594771
-0.558563
-0.590610
-0.600587
-0.638299
-0.569235
-0.562314
-0.545743
-0.555352
-0.542129
-0.525638
-0.582155
-0.640945
-0.583971
-0.539012
-0.547465
-0.586116
-0.566575
-0.504078
-0.515724
-0.549830
-0.605321
-0.563957
-0.556031
-0.562693
-0.501466
-0.616312
-0.567279
-0.604586
-0.493274
-0.601216
-0.592601
-0.603280
-0.514270
-0.643862
-0.531982
-0.534511
-0.531560
-0.529524
-0.623349
-0.579054
-0.557780
-0.542040
-0.525599
-0.561864
-0.471242
-0.527651
-0.487249
-0.618729
-0.577793
-0.535356
-0.530391
-0.555006
-0.610948
-0.524648
-0.643530
-0.568529
-0.480889
-0.616260
-0.656607
-0.487749
-0.582840
-0.559091
-0.524141
-0.541114
-0.598564
-0.612631
-0.601312
-0.592029
-0.550091
-0.613413
-0.532556
-0.573216
-0.540611
-0.501001
-0.575598
-0.508229
-0.543307
-0.539592
-0.576526
-0.541435
-0.534717
-0.650179
-0.560856
-0.580925
-0.520068
-0.629376
-0.569215
-0.565369
-0.647217
-0.514105
-0.583916
-0.613186
-0.533547
-0.634292
-0.678694
-0.594274
-0.537120
-0.556120
-0.498970
-0.466820
-0.642917
-0.574476
-0.550072
-0.622985
-0.621466
-0.541986
-0.555268
-0.478673
-0.610427
-0.604989
-0.553622
-0.524659
-0.551623
-0.548213
-0.567117
-0.543480
-0.488293
-0.580328
-0.584007
-0.620936
-0.562515
-0.509046
-0.543435
-0.541588
-0.602091
-0.617662
-0.632466
-0.596727
-0.529162
-0.517257
-0.591631
-0.600085
-0.587826
-0.474146
-0.538112
-0.530169
-0.525178
-0.506741
-0.545035
-0.514895
-0.499500
-0.575401
-0.481645
-0.563493
-0.459025
-0.503383
-0.523290
-0.568282
-0.620446
-0.534658
-0.556964
-0.488608
-0.472050
-0.588001
-0.474667
-0.513919
-0.575104
-0.533230
-0.627865
-0.507450
-0.616763
-0.618673
-0.583293
-0.554355
-0.522866
-0.524904
-0.506774
-0.491156
-0.561352
-0.613238
-0.578413
-0.687996
-0.598413
-0.556201
-0.612418
-0.606825
-0.561442
-0.594102
-0.586779
-0.622664
-0.526051
-0.467411
-0.528480
-0.577420
-0.514807
-0.643031
-0.544713
-0.471537
-0.543500
-0.597735
-0.632979
-0.623740
-0.630097
-0.517131
-0.574800
-0.503165
-0.589070
-0.604781
-0.566496
-0.498705
-0.532562
-0.601019
-0.514181
-0.617393
-0.505963
-0.503988
-0.495361
-0.607051
-0.575656
-0.555238
-0.548472
-0.650305
-0.490010
-0.524079
-0.612591
-0.564798
-0.504952
-0.489503
-0.574827
-0.533507
-0.547226
-0.482716
-0.622129
-0.659392
-0.597389
-0.526538
-0.560350
-0.495719
-0.603906
-0.570253
-0.579038
-0.611226
-0.546371
-0.581911
-0.636998
-0.519990
-0.556034
-0.482741
-0.555022
-0.584629
-0.619133
-0.676009
-0.615080
-0.540483
-0.528258
-0.535471
-0.492971
-0.525832
-0.560596
-0.551422
-0.581331
-0.456360
-0.469186
-0.583216
-0.617241
-0.605100
-0.606467
-0.586357
-0.620607
-0.576139
-0.545622
-0.673714
-0.523835
-0.506163
-0.584595
-0.645243
-0.652643
-0.505425
-0.469479
-0.524514
-0.505629
-0.568120
-0.569292
-0.523012
-0.633017
-0.547016
-0.687707
-0.540834
-0.578979
-0.511721
-0.619653
-0.536955
-0.670641
-0.512542
-0.572265
-0.506383
-0.594439
-0.628963
-0.566617
-0.550495
-0.560264
-0.566947
-0.540034
-0.703299
-0.508503
-0.515812
-0.581488
-0.618492
-0.578734
-0.537517
-0.499934
-0.585905
-0.565927
-0.535817
-0.499759
-0.560706
-0.539149
-0.653843
-0.543117
-0.596405
-0.555658
-0.574471
-0.506122
-0.586424
-0.597563
-0.507907
-0.589052
-0.524153
-0.561686
-0.643931
-0.626708
-0.537418
-0.495867
-0.575091
-0.488468
-0.581932
-0.631061
-0.567520
-0.669385
-0.631804
-0.512203
-0.563819
-0.584735
-0.468476
-0.575951
-0.475019
-0.471348
-0.577934
-0.636350
-0.542825
-0.574155
-0.582231
-0.635726
-0.577826
-0.534331
-0.592606
-0.570257
-0.557510
-0.556635
-0.521390
-0.527673
-0.530759
-0.511986
-0.543313
-0.578943
-0.510920
-0.543461
-0.525255
-0.564401
-0.591847
-0.571271
-0.503584
-0.610229
-0.587695
-0.572903
-0.495095
-0.585062
-0.591251
-0.494111
-0.635317
-0.605737
-0.485378
-0.539630
-0.620357
-0.643025
-0.575549
-0.632748
-0.536800
-0.646309
-0.477889
-0.594467
-0.556730
-0.587091
-0.591299
-0.571041
-0.601023
-0.603480
-0.504943
-0.514553
-0.468708
-0.597888
-0.591539
-0.512799
-0.559288
-0.608591
-0.539482
-0.516430
-0.546101
-0.550887
-0.553711
-0.577537
-0.554369
-0.566506
-0.541388
-0.646144
-0.520747
-0.500115
-0.577468
-0.531972
-0.494576
-0.594974
-0.548666
-0.596699
-0.498133