1000.034507
1000.026093
1000.019242
1000.035956
1000.031289
1000.035505
1000.028679
1000.033155
1000.023587
1000.036738
1000.021636
1000.027443
1000.019004
1000.021653
1000.030846
1000.028414
1000.041869
1000.033940
1000.025435
1000.031750
1000.028756
1000.034400
1000.031872
1000.038331
1000.042344
1000.046499
1000.035951
1000.040443
1000.031407
1000.030044
1000.033826
1000.028549
1000.020813
1000.023211
1000.033134
1000.034456
1000.025905
1000.016857
1000.033103
1000.027254
1000.029981
1000.024368
1000.015574
1000.021463
1000.017275
1000.017481
1000.025022
1000.023108
1000.031356
1000.030458
1000.026051
1000.031198
1000.033486
1000.022443
1000.026128
1000.036096
1000.034215
1000.029584
1000.030835
1000.024709
1000.032450
1000.024967
1000.038383
1000.031637
1000.022130
1000.033025
1000.032297
1000.021426
1000.043842
1000.023133
1000.039043
1000.023594
1000.024304
1000.031330
1000.032903
1000.037081
1000.023776
1000.018607
1000.013188
1000.015056
1000.024012
1000.037449
1000.028449
1000.013402
1000.031108
1000.017472
1000.032572
1000.027818
1000.031648
1000.024891
1000.026109
1000.029369
1000.030048
1000.027902
1000.015893
1000.035281
1000.035525
1000.046381
1000.021743
1000.042364
1000.037479
1000.041033
1000.030502
1000.032713
1000.034442
1000.027897
1000.047368
1000.036783
1000.031073
1000.039196
1000.035210
1000.040438
1000.029711
1000.036221
1000.029651
1000.039938
1000.038100
1000.031353
1000.023822
1000.033624
1000.035651
1000.020474
1000.015695
1000.039491
1000.025610
1000.028116
1000.027949
1000.038305
1000.034846
1000.023072
1000.052000
1000.023166
1000.026737
1000.022375
1000.035716
1000.025730
1000.025129
1000.052679
1000.035639
1000.027866
1000.021729
1000.020860
1000.039538
1000.038293
1000.032037
1000.018493
1000.037180
1000.025641
1000.031284
1000.031351
1000.025751
1000.025464
1000.028143
1000.028215
1000.027472
1000.036855
1000.031477
1000.019295
1000.024345
1000.033568
1000.026024
1000.017726
1000.029507
1000.022450
1000.016978
1000.024090
1000.044901
1000.050479
1000.042258
1000.027312
1000.024370
1000.043333
1000.043880
1000.043693
1000.037592
1000.031661
1000.034979
1000.032653
1000.037779
1000.041542
1000.032322
1000.039419
1000.037632
1000.037599
1000.018067
1000.028519
1000.019582
1000.024831
1000.024548
1000.023186
1000.027836
1000.020018
1000.031366
1000.036468
1000.019891
1000.027636
1000.029632
1000.040945
1000.027921
1000.033130
1000.028518
1000.019616
1000.030186
1000.038295
1000.034481
1000.023281
1000.011780
1000.027912
1000.014286
1000.021811
1000.026572
1000.041473
1000.030183
1000.028590
1000.020298
1000.033266
1000.032234
1000.019762
1000.039150
1000.035890
1000.025301
1000.031385
1000.032620
1000.020471
1000.043729
1000.032810
1000.031668
1000.017683
1000.027136
1000.013387
1000.032001
1000.018090
1000.042252
1000.032533
1000.031616
1000.026408
1000.014426
1000.029992
1000.041979
1000.031092
1000.024548
1000.033595
1000.023233
1000.037449
1000.033090
1000.035664
1000.029471
1000.042194
1000.029285
1000.030213
1000.033298
1000.041211
1000.035980
1000.042292
1000.020626
1000.029111
1000.028706
1000.018808
1000.026524
1000.032196
1000.033127
1000.024871
1000.039180
1000.031112
1000.024575
1000.039642
1000.034295
1000.026990
1000.027255
1000.021146
1000.021739
1000.037232
1000.028098
1000.026598
1000.030015
1000.018229
1000.046998
1000.034273
1000.020440
1000.023399
1000.025884
1000.047784
1000.044342
1000.025472
1000.030801
1000.028783
1000.050285
1000.041527
1000.020190
1000.022666
1000.028733
1000.022660
1000.035305
1000.015843
1000.032759
1000.028357
1000.041405
1000.019981
1000.025884
1000.027264
1000.015874
1000.022754
1000.035583
1000.035692
1000.043772
1000.051740
1000.035624
1000.039288
1000.041265
1000.022917
1000.034638
1000.041517
1000.030537
1000.017676
1000.030737
1000.029937
1000.033965
1000.020243
1000.022716
1000.014897
1000.017791
1000.037135
1000.032719
1000.028026
1000.031578
1000.025501
1000.031869
1000.014915
1000.027385
1000.029518
1000.019180
1000.022611
1000.024252
1000.018034
1000.028556
1000.033588
1000.030239
1000.034365
1000.031300
1000.026580
1000.029486
1000.021083
1000.016561
1000.034442
1000.025825
1000.027429
1000.024320
1000.019309
1000.025123
1000.040092
1000.032988
1000.026871
1000.043468
1000.032515
1000.021732
1000.049537
1000.012188
1000.028101
1000.027420
1000.036215
1000.020091
1000.020896
1000.038592
1000.029194
1000.036299
1000.016774
1000.038296
1000.016805
1000.036839
1000.029423
1000.026994
1000.038629
1000.026094
1000.022995
1000.030447
1000.039537
1000.030880
1000.026927
1000.020528
1000.018182
1000.027824
1000.024489
1000.020109
1000.014928
1000.025200
1000.040687
1000.011341
1000.044249
1000.017862
1000.032077
1000.034949
1000.037058
1000.027372
1000.017393
1000.033164
1000.024209
1000.053497
1000.040622
1000.037656
1000.027879
1000.036317
1000.039481
1000.016622
1000.011859
1000.029544
1000.026616
1000.039728
1000.025627
1000.028276
1000.018470
1000.018497
1000.029380
1000.034146
1000.035072
1000.026200
1000.026867
1000.021040
1000.043787
1000.031954
1000.033517
1000.035215
1000.033571
1000.043911
1000.024093
1000.040371
1000.031644
1000.029777
1000.047270
1000.039843
1000.020125
1000.029793
1000.036731
1000.024906
1000.026493
1000.039008
1000.036615
1000.023593
1000.043608
1000.014386
1000.041644
1000.041246
1000.020770
1000.024484
1000.028257
1000.035081
1000.029520
1000.030649
1000.039056
1000.023446
1000.031916
1000.028101
1000.030227
1000.019999
1000.025385
1000.033809
1000.025436
1000.038117
1000.007522
1000.035642
1000.043263
1000.023138
1000.036518
1000.035478
1000.035489
1000.025428
1000.024046
1000.052916
1000.040580
1000.034045
1000.032827
1000.027882
1000.029135
1000.035366
1000.015222
1000.047063
1000.028130
1000.024563
1000.027050
1000.028942
1000.012922
1000.043357
1000.021744
1000.031134
1000.017383
1000.021794
1000.015663
1000.028191
1000.026093
1000.040185
1000.032916
1000.027400
1000.024545
1000.032732
1000.025766
1000.023877
1000.019361
1000.019514
1000.029377
1000.028727
1000.031345
1000.043474
1000.011895
1000.029403
1000.050678
1000.036413
1000.029386
1000.022352
1000.036158
1000.028349
1000.040851
1000.043213
1000.022584
1000.022069
1000.034587
1000.028008
1000.021926
1000.037488
1000.031945
1000.028356
1000.037853
1000.030718
1000.032695
1000.038437
1000.032250
1000.039927
1000.026959
1000.028003
1000.023095
1000.042866
1000.025570
1000.032578
1000.031375
1000.023500
1000.029023
1000.030861
1000.031535
1000.031878
1000.042232
1000.028436
1000.025031
1000.042736
1000.041075
1000.025269
1000.022078
1000.027814
1000.046763
1000.044171
1000.026428
1000.030710
1000.012105
1000.021392
1000.025941
1000.012502
1000.029089
1000.032451
1000.037260
1000.032840
1000.026329
1000.050931
1000.021714
1000.021993
1000.033242
1000.036573
1000.028215
1000.025127
1000.029481
1000.044209
1000.024963
1000.037063
1000.034597
1000.026146
1000.027289
1000.031217
1000.024092
1000.041022
1000.034539
1000.023772
1000.032686
1000.024349
1000.038959
1000.039471
1000.015214
1000.022072
1000.014079
1000.026083
1000.019280
1000.017953
1000.036528
1000.033372
1000.032795
1000.032602
1000.030099
1000.031419
1000.025797
1000.038836
1000.032688
1000.037342
1000.046357
1000.036055
1000.020972
1000.036844
1000.022577
1000.028848
1000.028135
1000.039669
1000.036098
1000.028005
1000.041423
1000.034044
1000.035491
1000.028935
1000.026479
1000.030345
1000.034875
1000.043372
1000.034656
1000.026245
1000.032861
1000.039190
1000.034575
1000.028693
1000.041810
1000.019800
1000.034619
1000.050218
1000.042662
1000.031461
1000.040071
1000.041652
1000.026871
1000.031641
1000.023778
1000.026789
1000.027379
1000.034633
1000.029602
1000.036964
1000.038958
1000.026036
1000.023368
1000.044212
1000.039360
1000.023427
1000.013798
1000.029436
1000.021895
1000.029541
1000.031713
1000.050803
1000.039349
1000.028854
1000.036259
1000.049294
1000.041791
1000.032640
1000.017996
1000.034527
1000.014123
1000.024263
1000.018324
1000.035636
1000.022769
1000.040782
1000.016526
1000.029204
1000.037131
1000.043052
1000.052594
1000.036046
1000.039728
1000.025597
1000.033363
1000.042271
1000.027760
1000.017448
1000.037785
1000.053184
1000.038229
1000.016496
1000.025998
1000.027175
1000.046869
1000.030237
1000.026858
1000.029203
1000.025109
1000.030934
1000.027183
1000.040384
1000.033701
1000.043709
1000.038860
1000.033919
1000.024905
1000.037378
1000.034101
1000.036348
1000.019191
1000.044938
1000.043984
1000.024391
1000.028361
1000.016965
1000.032114
1000.024012
1000.028409
1000.021109
1000.033033
1000.042162
1000.028709
1000.027736
1000.037710
1000.020250
1000.030102
1000.027776
1000.036417
1000.044605
1000.021749
1000.030859
1000.025923
1000.028631
1000.039419
1000.039510
1000.034645
1000.037183
1000.024002
1000.024146
1000.036507
1000.030868
1000.016138
1000.029070
1000.025295
1000.043217
1000.027927
1000.026300
1000.040459
1000.027066
1000.022741
1000.029806
1000.023169
1000.035470
1000.042602
1000.048685
1000.020683
1000.041852
1000.021969
1000.040926
1000.030161
1000.026204
1000.027209
1000.014005
1000.035508
1000.042669
1000.029810
1000.027567
1000.035834
1000.035474
1000.032261
1000.026276
1000.017890
1000.040111
1000.029063
1000.024253
1000.043562
1000.036317
1000.027162
1000.034452
1000.045175
1000.031173
1000.021272
1000.018625
1000.035039
1000.030322
1000.037598
1000.027535
1000.028109
1000.031000
1000.029261
1000.034983
1000.020810
1000.039819
1000.035049
1000.030600
1000.019962
1000.026538
1000.045579
1000.019905
1000.038687
1000.031085
1000.029837
1000.030553
1000.044364
1000.038689
1000.031065
1000.035425
1000.030213
1000.039207
1000.027230
1000.026786
1000.024967
1000.031044
1000.026701
1000.027264
1000.045998
1000.029109
1000.033875
1000.024045
1000.028552
1000.020674
1000.041723
1000.028600
1000.025067
1000.033373
1000.025364
1000.032875
1000.038643
1000.023031
1000.028258
1000.036926
1000.035706
1000.037426
1000.032895
1000.026170
1000.018808
1000.037795
1000.024983
1000.023635
1000.038071
1000.023041
1000.041540
1000.029820
1000.037467
1000.029918
1000.017205
1000.036929
1000.039721
1000.035611
1000.037131
1000.029731
1000.029911
1000.048226
1000.035333
1000.028403
1000.026576
1000.032524
1000.018305
1000.032106
1000.026476
1000.042924
1000.018794
1000.024299
1000.021524
1000.015808
1000.028860
1000.030648
1000.052890
1000.023445
1000.024325
1000.035276
1000.030046
1000.026783
1000.034380
1000.037591
1000.024977
1000.023350
1000.028985
1000.031673
1000.030168
1000.022281
1000.031832
1000.027361
1000.035840
1000.029880
1000.033379
1000.033903
1000.027310
1000.029210
1000.031145
1000.024929
1000.038355
1000.036666
1000.026244
1000.042792
1000.035784
1000.041385
1000.020354
1000.031249
1000.032748
1000.023204
1000.035047
1000.049184
1000.025322
1000.019268
1000.026759
1000.025016
1000.019965
1000.025047
1000.018653
1000.031757
1000.021302
1000.028695
1000.031118
1000.028047
1000.038162
1000.023934
1000.032192
1000.032561
1000.032603
1000.031386
1000.029916
1000.032083
1000.028719
1000.023722
1000.026163
1000.026199
1000.024065
1000.035751
1000.028754
1000.035167
1000.029087
1000.030069
1000.032648
1000.034515
1000.031237
1000.028138
1000.034174
1000.014707
1000.033779
1000.045822
1000.031878
1000.029867
1000.048337
1000.017424
1000.029273
1000.019018
1000.023713
1000.026629
1000.038182
1000.023532
1000.030147
1000.030749
1000.041518
1000.033579
1000.033663
1000.024959
1000.048912
1000.028200
1000.022304
1000.018580
1000.019451
1000.035770
1000.042632
1000.039929
1000.034438
1000.020504
1000.032815
1000.023256
1000.022779
1000.016584
1000.033610
1000.023148
1000.022089
1000.026178
1000.039052
1000.046444
1000.048447
1000.019734
1000.029580
1000.031362
1000.022819
1000.018889
1000.021515
1000.041914
1000.039485
1000.040036
1000.022121
1000.029631
1000.032724
1000.022152
1000.040789
1000.015315
1000.017316
1000.032044
1000.041018
1000.037182
1000.026739
1000.027931
1000.037355
1000.016762
1000.016469
1000.030742
1000.034903
1000.036342
1000.027950
1000.049279
1000.025338
1000.043712
1000.030971
1000.036978
1000.029312
1000.020531
1000.036139
1000.035891
1000.030200
1000.026563
1000.039396
1000.030233
1000.021060
1000.038812
1000.024709
1000.031747
1000.030482
1000.022028
1000.032048
1000.040939
1000.026875
1000.024240
1000.028339
1000.028412
1000.043985
1000.028574
1000.036192
1000.028358
1000.037084
1000.026552
1000.026555
1000.032673
1000.029518
1000.039661
1000.032775
1000.024864
1000.027155
1000.017003
1000.033125
1000.029158
1000.052850
1000.030754
1000.015285
1000.033644
1000.032372
1000.035470
1000.045917
1000.012132
1000.045873
1000.027641
1000.021579
1000.029605
1000.047174
1000.020453
1000.025431
1000.030185
1000.042364
1000.030613
1000.020342
1000.039631
1000.049371
1000.036183
1000.044202
1000.028625
1000.042773
1000.037299
1000.035854
1000.026179
1000.031193
1000.021701
1000.025345
1000.024138
1000.023107
1000.039660
1000.036236
1000.017792
1000.026868
1000.030761
1000.030908
1000.045733
1000.023354
1000.020001
1000.040562
1000.039305
1000.048101
1000.045929
1000.027600
1000.040283
1000.039351
1000.035451
1000.026009
1000.031868
1000.032674
1000.042630
1000.026100
1000.016111
1000.018764
1000.023902
1000.020293
1000.027483
1000.024791
1000.030618
1000.024555
1000.036005
1000.029318
1000.031407
1000.024693
1000.029661
1000.035984
1000.021062
1000.034903
1000.032727
1000.035189
1000.036721
1000.028498
1000.041733
1000.025854
1000.014484
1000.045786
1000.016007
1000.029254
1000.022827
1000.025354
1000.032530
1000.032312
1000.020480
1000.030492
1000.035360
1000.035179
1000.036296
1000.015900
1000.025112
1000.045481
1000.044473
1000.032427
1000.028292
1000.032971
1000.044402
1000.026131
1000.023619
1000.029086
1000.021518
1000.033026
1000.031538
1000.020687
1000.026029
1000.043965
1000.031730
1000.027952
1000.037186
1000.025768
1000.051847
1000.037389
1000.022367
1000.043619
1000.019610
1000.025844
1000.042705
1000.029229
1000.012201
1000.030745
1000.030447
1000.027254
1000.037080
1000.021609
1000.028486
1000.026784
1000.026734
1000.018166
1000.028548
1000.027070
1000.038154
1000.023889
1000.026109
1000.039920
1000.028473
1000.026656
1000.031941
1000.040959
1000.021846
1000.041419
1000.036885
1000.026450
1000.035734
1000.029566
1000.048650
1000.035181
1000.038929
1000.031748
1000.041111
1000.028401
1000.031281
1000.035854
1000.029496
1000.017544
1000.026781
1000.029016
1000.027101
1000.022862
1000.056642
1000.031402
1000.043613
1000.034040
1000.040379
1000.018844
1000.028708
1000.029539
1000.030795
1000.027031
1000.029768
1000.018413
1000.031157
1000.021891
1000.034563
1000.017727
1000.019619
1000.027447
1000.039292
1000.042703
1000.031103
1000.040816
1000.032910
1000.025986
1000.028694
1000.029577
1000.022095
1000.030849
1000.022541
1000.035784
1000.030259
1000.033167
1000.022854
1000.027423
1000.025396
1000.032278
1000.028812
1000.015455
1000.024853
1000.034286
1000.031627
1000.036145
1000.033050
1000.029718
1000.031311
1000.031844
1000.027138
1000.021848
1000.042024
1000.030516
1000.024154
1000.040827
1000.020862
1000.019067
1000.036405
1000.019853
1000.027937
1000.035869
1000.029017
1000.014244
1000.036602
1000.033125
1000.028773
1000.046380
1000.041530
1000.026406
1000.026024
1000.031942
1000.025853
1000.050625
1000.039448
1000.038722
1000.026577
1000.034714
1000.028077
1000.031609
1000.033485
1000.017491
1000.037076
1000.016316
1000.016828
1000.027565
1000.035331
1000.020559
1000.036247
1000.027750
1000.034122
1000.027839
1000.010458
1000.026408
1000.044701
1000.026089
1000.027214
1000.024437
1000.037273
1000.040886
1000.030614
1000.027607
1000.030344
1000.026232
1000.031387
1000.028026
1000.033135
1000.028622
1000.031058
1000.022092
1000.032821