499.788662      0.187542        62.930542   
549.944724      0.203835        62.928533
599.934066      0.219675        62.667012
699.975589      0.250265        61.994045
799.958080      0.279323        61.180013
849.907635      0.293084        60.589967
899.991948      0.306630        60.084104
949.888170      0.319590        59.605705
999.985502      0.332374        58.997274
1049.910127     0.344584        58.413925
1100.046802     0.356450        57.824753
1199.900399     0.378976        56.781926
1249.994824     0.389788        56.232096
1299.906287     0.400012        55.739168
1350.055202     0.410037        55.181903
1399.953418     0.419611        54.668371
1450.019511     0.429103        54.207624
1499.941058     0.438096        53.692167
1549.911793     0.446729        53.208439
1649.922811     0.463376        52.456527
1700.016374     0.471307        51.966688
1749.915758     0.478913        51.522331
1800.034118     0.486288        51.118886
1849.935296     0.493412        50.857116
1900.043597     0.500438        50.474426
1949.942550     0.507250        50.138484
1999.858575     0.513725        49.834730
2099.905344     0.526220        49.232997
2150.027867     0.532306        48.854946
2199.950426     0.538151        48.603562
2250.040412     0.543890        48.378047
2299.934607     0.549413        48.105377
2349.875451     0.554844        47.835315
2399.955582     0.560170        47.539317
2449.876176     0.565217        47.374009
2499.991958     0.570392        47.164770
2549.913108     0.575220        46.940584
2600.012160     0.580077        46.766798
2649.928172     0.584801        46.598923
2700.020611     0.589505        46.432740
2749.951619     0.593958        46.205101
2799.870415     0.598348        45.984647
2849.965117     0.602777        45.908618
2899.898356     0.607020        45.718378
2950.005299     0.611275        45.636303
2999.897127     0.615474        45.516904
3050.031022     0.619547        45.338405
3099.958306     0.623568        45.171438
3149.857015     0.627597        45.053005
3249.860871     0.635298        44.990165
3299.961972     0.639032        44.853424
3349.903462     0.642837        44.684736
3400.006868     0.646508        44.716899
3449.901871     0.650228        44.629618
3499.829211     0.653848        44.510675
3549.937159     0.657406        44.487113
3599.835417     0.660922        44.415175
3649.964913     0.664502        44.249587
3699.888539     0.668013        44.263648
3749.975379     0.671400        44.141917
3799.884291     0.674862        44.214669
3850.008240     0.678296        44.104488
3899.943777     0.681618        44.003672
3949.830351     0.685005        44.077818
3999.944442     0.688216        44.025323
4049.850053     0.691641        44.023772
4099.982094     0.695006        43.897641
4149.879257     0.698206        43.985857
4199.951029     0.701557        43.979433
4249.902721     0.704728        43.929546
4299.824379     0.707860        43.903808
4349.933149     0.710899        43.939236
4399.844066     0.714219        43.838013
4449.962102     0.717351        43.817769
4499.867508     0.720468        43.867422
4549.962587     0.723562        43.849440
4599.877300     0.726768        43.861633
4649.802900     0.729957        43.816807
4699.905877     0.732954        43.750119
4749.815708     0.736066        43.796857
4799.941012     0.739173        43.811677
4849.844035     0.742196        43.874579
4899.981664     0.745318        43.796305
4949.882944     0.748344        43.802324
5049.897312     0.754373        43.841696
5099.822606     0.757404        43.804360
5149.928349     0.760491        43.810953
5199.852094     0.763405        43.783918
5249.947932     0.766460        43.904280
5299.868565     0.769469        43.865744
5349.970720     0.772442        44.015800
5399.879443     0.775429        43.986210
5449.802307     0.778454        43.975633
5499.867254     0.781465        44.000907
5549.833502     0.784313        43.980930
5599.919074     0.787377        44.026621
5649.851967     0.790389        44.006795
5699.936482     0.793291        44.028250
5749.853480     0.796229        43.992673
5799.956492     0.799177        44.090028
5849.892422     0.802066        44.057965
5899.803245     0.805078        44.166013
5949.905167     0.808046        44.138407
5999.841762     0.810890        44.152369
6049.939175     0.813914        44.160997
6099.841940     0.816775        44.137280
6149.947667     0.819787        44.245410
6199.877972     0.822757        44.159723
6249.779425     0.825691        44.170929
6299.890797     0.828552        44.181782
6349.823080     0.831474        44.236515
6399.915635     0.834368        44.372721
6449.845549     0.837371        44.250377
6499.943354     0.840216        44.305419
6549.851591     0.843107        44.372690
6599.764212     0.845962        44.382276
6649.893803     0.849025        44.378589
6699.783349     0.851845        44.436467
6749.908387     0.854727        44.410904
6799.811973     0.857701        44.556176
6849.905480     0.860376        44.499749
6899.833860     0.863453        44.533837
6949.933079     0.866431        44.619567
6999.858329     0.869196        44.690231
7049.767474     0.872088        44.583183
7149.798479     0.877922        44.747691
7199.904690     0.880855        44.710110
7249.836333     0.883760        44.771690
7299.920577     0.886540        44.842973
7349.822652     0.889426        44.805681
7399.758842     0.892319        44.797716
7449.875796     0.895133        44.865894
7549.892884     0.900937        44.879906
7599.787395     0.903841        44.951326
7649.910577     0.906690        44.970514
7699.813837     0.909627        44.963495
7749.728645     0.912323        44.956431
7799.842363     0.915257        45.030597
7849.763381     0.918015        45.072332
7899.857146     0.920953        45.040909
7999.906696     0.926663        45.031450
8049.819957     0.929505        45.118445
8099.911206     0.932319        45.089089
8149.832384     0.935160        45.182160
8199.779479     0.938011        45.003600
8249.837273     0.940930        45.250502
8299.783952     0.943703        45.142003
8349.872991     0.946545        45.179343
8399.798266     0.949412        45.239751
8449.897924     0.952169        45.285241
8499.815355     0.955066        45.301767
8549.715134     0.957814        45.336495
8599.835150     0.960565        45.332238
8699.883671     0.966296        45.367217
8749.756257     0.968998        45.397717
8799.883964     0.971926        45.394974
8849.791358     0.974692        45.427204
8899.909340     0.977548        45.416952
8949.835878     0.980272        45.458006
8999.745909     0.983143        45.370438
9049.839041     0.985905        45.374433
9099.752724     0.988698        45.374696
9199.779508     0.994221        45.621873
9249.870672     0.996959        45.462991
9299.810677     0.999783        45.507552
9349.727143     1.002586        45.511371
9399.828413     1.005307        45.467165
9449.747810     1.008138        45.494763
9499.848272     1.010858        45.561011
9599.881097     1.016312        45.555394
9649.790550     1.019056        45.486902
9699.712655     1.021903        45.566054
9749.793512     1.024660        45.679392
9799.745853     1.027359        45.524835
9849.830336     1.030145        45.640221
9899.755474     1.032890        45.673275
9949.854606     1.035551        45.782260
9999.803877     1.038224        45.634364
10049.89818     1.0410424       45.591128
10099.7764      1.04369321      45.680251
10149.6922      1.04650291      45.676977
10199.8203      1.04916922      45.849758
10249.7290      1.05179316      45.733757
10299.8249      1.05460846      45.834626
10349.7542      1.05739349      45.653376
10399.8565      1.06008585      45.838815
10449.7794      1.06267490      45.872486
10499.6809      1.06545013      45.813802
10549.8012      1.06801398      45.761206
10599.7094      1.07074772      45.769732
10649.8231      1.07341900      45.860706
10699.7405      1.07611045      45.858557
10749.8442      1.07878946      45.960600
10799.7622      1.08146791      45.790206
10849.6855      1.08414707      45.968974
10899.7777      1.08672147      45.821181
10949.6928      1.08936323      45.720832
11049.7290      1.09467586      45.974880
11099.8254      1.09727242      45.918229
11149.7394      1.09996185      45.903635
11199.8492      1.10260287      45.888811
11249.7568      1.10520729      45.971695
11299.6803      1.10782070      46.033276
11349.7935      1.11048726      45.859591
11449.7955      1.11580463      45.791279
11499.7352      1.11828653      45.861308
11549.8314      1.12095339      45.825122
11599.7674      1.12348217      45.900187
11649.6693      1.12606495      45.983535
11699.7794      1.12863228      45.843355
11749.6901      1.13131878      45.846489
11799.7773      1.13384186      45.973137
11849.7022      1.13641049      45.925792
11899.8017      1.13901337      45.915046
11949.7408      1.14152228      45.905007
11999.8326      1.14409243      45.929387
12049.7370      1.14661542      45.901031
12099.6707      1.14915549      45.990271
12149.7748      1.15169066      45.782414
12199.7043      1.15418232      46.044508
12249.8017      1.15674757      45.869050
12299.7230      1.15937487      45.856997
12349.8187      1.16177768      45.768224
12399.7358      1.16429789      45.862507
12449.6571      1.16678602      45.872181
12499.7622      1.16957868      45.899507
12549.6769      1.17184492      45.899165
12599.7792      1.17435977      45.922112
12649.6947      1.17692940      45.803934
12699.8063      1.17934063      45.880919
12749.7112      1.18181195      45.864097
12849.7441      1.18675774      45.916603
12899.6602      1.18924261      45.821196
12949.7625      1.19157862      45.936638
12999.6963      1.19402065      45.811234
13049.7846      1.19655083      45.961168
13099.7100      1.19902553      45.846968
13149.8248      1.20142102      45.808905
13249.6400      1.20634212      45.678243
13299.7381      1.20876254      45.958316
13349.6736      1.21115922      45.738297
13399.7688      1.21354040      45.938097
13449.6798      1.21598304      45.859065
13449.6834      1.21595345      45.874445
13549.7175      1.22083678      45.698980
13599.6213      1.22319224      45.760119
13699.6290      1.22792932      45.813248
13749.7748      1.23017667      45.785141
13749.7533      1.23023120      45.677500
13799.6637      1.23263918      45.860219
13882.8727      1.23464791      29.613940
13899.6910      1.23725004      45.801715
13999.7129      1.24203632      45.725234
14099.7437      1.24670303      45.683543
14199.7566      1.25136064      45.698128
14299.7842      1.25595791      45.792091
14399.6193      1.26055206      45.823749
14499.6491      1.26515479      45.602379
14549.7415      1.26739830      45.802980
14599.6573      1.26961721      45.645280
14649.7549      1.27197283      45.618431
14699.6809      1.27422137      45.572027
14749.6005      1.27662244      45.817331
14799.6972      1.27878253      45.711519
14799.7107      1.27878874      45.786237
14899.7173      1.28333535      45.534359
14899.7251      1.28319357      45.738340
14949.6383      1.28551087      45.633367
14949.6469      1.28546478      45.709617
15049.6637      1.28997406      45.744728
15149.6962      1.29448093      45.540138
15299.6331      1.30102552      45.666443
15399.6490      1.30559755      45.634354
15399.6579      1.30540829      45.547794
15449.7505      1.30754375      45.544685
15549.5898      1.31187814      45.529509
15599.6964      1.31399501      45.546178
15649.6099      1.31620321      45.479741
15649.6075      1.31623907      45.382951
15749.6307      1.32052383      45.483132
15799.7464      1.32274721      45.635259
15849.6613      1.32489007      45.446939
15899.5775      1.32718525      45.417314
15949.6874      1.32911207      45.372784
15999.5931      1.33123127      45.371707
15999.5833      1.33135522      45.394357
16099.6131      1.33542522      45.488040
16149.7220      1.33754953      45.397042
16199.6365      1.33971660      45.290274
16249.7433      1.34190041      45.261339
16250.8290      1.34169795      44.724534
16299.6557      1.34390551      45.442481
16399.6992      1.34797458      45.416202
16449.5870      1.35022852      45.417982
16499.6876      1.35230930      45.451254
16599.7202      1.35636676      45.379846
16649.6362      1.35843136      45.459838
16649.6354      1.35842050      45.368737
16749.6802      1.36243740      45.224454
16799.5773      1.36458553      45.281279
16799.5894      1.36442321      45.259916
16849.6820      1.36655358      45.303221
16899.5954      1.36859758      45.278211
16949.7122      1.37066602      45.211043
16999.6284      1.37268038      45.243129
17049.5413      1.37452248      45.189361
17149.5718      1.37865135      45.218921
17199.6670      1.38065842      45.063583
17249.5971      1.38265039      45.077013
17299.6957      1.38465169      45.088375
17349.6092      1.38659101      45.276917
17399.7175      1.38855371      45.175494
17449.6351      1.39052596      45.152693
17549.6579      1.39450337      45.013292
17599.5746      1.39629150      45.009378
17649.6859      1.39836356      44.916185
17699.5863      1.40020115      45.092754
17749.7059      1.40217458      44.936356
17799.6159      1.40414510      45.030252
17849.5269      1.40600895      44.953686
17899.6439      1.40792175      45.020600
17949.5554      1.40984103      45.059704
17999.6601      1.41177910      45.151172
18049.5660      1.41363854      44.843721
18149.6034      1.41746506      44.983144
18199.6958      1.41929843      45.006844
18249.6228      1.42119263      45.087958
18299.5378      1.42315093      45.006981
18349.6454      1.42492910      44.786361
18399.5602      1.42684735      44.980761
18449.6661      1.42866293      44.863571
18549.6919      1.43241728      44.724918
18599.6079      1.43420119      44.761617
18649.5255      1.43613489      44.672797
18699.6369      1.43797716      44.640358
18749.5339      1.43998063      44.781505
18799.6389      1.44152375      44.689210
18849.5744      1.44337305      44.700268
18899.6713      1.44518633      44.707798
18949.5917      1.44689642      44.628362
18999.4989      1.44876048      44.741268
19049.6078      1.45060443      44.593733
19099.5318      1.45239267      44.572685
19149.6320      1.45428090      44.590851
19199.5498      1.45590647      44.613809
19249.6595      1.45776305      44.582642
19299.5799      1.45956095      44.816954
19349.6779      1.46122545      44.715109
19399.5980      1.46307608      44.569497
19449.5112      1.46478410      44.801150
19499.6102      1.46655795      44.606347
19549.5410      1.46828434      44.582279
19599.6392      1.47013935      44.415432
19649.5634      1.47177089      44.751805
19699.6652      1.47359169      44.657583
19749.5815      1.47524612      44.426891
19799.5037      1.47711407      44.353519
19849.5974      1.47870704      44.437801
19899.5179      1.48050525      44.450972
19949.6282      1.48212725      44.371447
19999.5564      1.48384606      44.531570
20049.6352      1.48541754      44.461561
20099.5601      1.48717154      44.539423
20149.4757      1.48889747      44.367754
20249.5081      1.49222439      44.379142
20299.6079      1.49389481      44.297164
20349.5311      1.49550064      44.353081
20399.6285      1.49717180      44.360948
20449.5491      1.49887083      44.341229
20499.6445      1.50050900      44.342519
20549.5751      1.50214842      44.349823
20649.5872      1.50543145      44.403357
20699.5146      1.50702935      44.337564
20749.5980      1.50868041      44.206480
20799.5321      1.51034766      44.322575
20849.6259      1.51196690      44.269533
20899.5520      1.51365664      44.283357
20949.4672      1.51521271      44.382994
20999.5699      1.51668686      44.186687
21049.4804      1.51832637      44.161860
21099.5880      1.51995385      44.070936
21149.5192      1.52154073      44.158666
21199.6080      1.52309036      43.979352
21249.5403      1.52467534      44.112995
21299.6405      1.52636097      44.256227
21349.5555      1.52789140      44.065075
21399.4786      1.52947893      43.970746
21449.5806      1.53094689      43.951789
21499.4931      1.53263683      43.955699
21549.6039      1.53415765      44.231595
21599.5106      1.53564467      44.048690
21649.6227      1.53730801      44.195894
21699.5343      1.53876868      44.048132
21749.4415      1.54036072      44.078906
21799.5533      1.54189765      44.062878
21849.4864      1.54327132      44.191353
21899.5844      1.54490345      43.927033
21949.5048      1.54645757      44.036061
21999.6021      1.54791052      43.782855
22049.5169      1.54942208      44.084247
22099.4459      1.55095203      43.978900
22149.5407      1.55248908      43.951593
22199.4620      1.55395655      43.804735
22249.5758      1.55543341      43.600746
22299.4804      1.55692975      43.655836
22349.5956      1.55851001      43.752394
22399.5087      1.55992484      43.979431
22449.6119      1.56137519      43.868196
22499.5246      1.56283164      43.876486
22549.4446      1.56434621      43.663448
22599.5529      1.56576977      43.718345
22649.4687      1.56733001      43.799246
22699.5796      1.56872869      43.707932
22749.5003      1.57012241      43.604024
22799.5981      1.57153618      43.749645
22849.5137      1.57301939      43.878903
22899.4319      1.57441269      43.669721
22999.4532      1.57719309      43.687247
23049.5539      1.57878389      43.485553
23099.4635      1.58011094      43.858103
23149.5819      1.58154600      43.637048
23199.4851      1.58293329      43.618855
23249.4060      1.58433688      43.488596
23299.5164      1.58570368      43.599354
23399.5411      1.58851152      43.378760
23499.5590      1.59135266      43.574891
23549.4904      1.59269238      43.433703
23599.5794      1.59408022      43.581405
23649.4967      1.59549413      43.660327
23699.4232      1.59686598      43.383468
23749.5308      1.59809847      43.466185
23799.4353      1.59951538      43.550174
23849.5517      1.60098859      43.220528
23899.4634      1.60225865      43.761288
23949.5687      1.60358538      43.205575
23999.4942      1.60489036      43.559772
24099.5128      1.60754275      43.307991
24149.4198      1.60889853      43.379173
24199.5317      1.61031553      43.363511
24249.4520      1.61159438      43.594600
24299.5527      1.61288677      43.316249
24349.4644      1.61409751      43.508545
24399.5797      1.61559649      43.337169
24499.4211      1.61804499      43.357361
24549.5094      1.61936494      43.389707
24599.4323      1.62063217      43.355041
24649.5333      1.62195700      43.195246
24699.4473      1.62336281      43.199985
24749.5610      1.62466036      43.313679
24799.4842      1.62585896      43.013248
24849.3948      1.62710482      43.378605
24899.4926      1.62846404      43.036088
24949.4092      1.62960011      43.137211
24999.5310      1.63071082      43.120496
25049.4325      1.63221382      43.146340
25099.5434      1.63339215      43.178093
25199.3685      1.63602549      43.125773
25249.4717      1.63718825      43.001095
25299.4019      1.63844065      43.199832
25349.5028      1.63975550      43.319139
25399.4215      1.64098014      43.179299
25449.5203      1.64217162      43.185058
25549.5526      1.64462626      42.898772
25599.4639      1.64578411      43.004594
25649.3844      1.64708022      43.198705
25699.4857      1.64826413      42.793720
25749.4002      1.64951258      43.132231
25799.5072      1.65069497      42.811013
25849.4274      1.65191906      43.187282
25899.5273      1.65309634      43.158241
25949.4442      1.65431968      43.021793
25999.3644      1.65552543      43.122944
26049.4719      1.65670918      42.769019
26099.3837      1.65784902      43.073847
26149.4904      1.65903344      43.038721
26199.4111      1.66027007      43.082009
26249.5142      1.66140928      42.900657
26299.4287      1.66247629      42.697047
26349.3588      1.66378717      42.914336
26399.4527      1.66483502      42.793744
26449.3636      1.66614262      42.949421
26549.3899      1.66843123      42.725980
26599.4942      1.66966089      43.027868
26649.4073      1.67065767      42.701278
26699.5142      1.67187768      43.102469
26749.4494      1.67297067      42.957925
26799.3442      1.67417428      42.662282
26849.4509      1.67533347      42.726663
26949.4808      1.67745321      42.684071
26999.3939      1.67870001      42.537593
27049.5056      1.67974251      42.870786
27099.4180      1.68090973      42.644114
27149.3352      1.68206307      42.955160
27199.4485      1.68310812      42.598647
27249.3590      1.68415353      42.528624
27299.4552      1.68533538      42.545436
27349.3882      1.68659790      42.926006
27399.4771      1.68759241      42.979740
27449.4021      1.68868649      42.552803
27499.5130      1.68981850      42.703369
27549.4209      1.69087211      42.879567
27649.4450      1.69307381      42.652183
27699.3667      1.69413640      42.814204
27749.4653      1.69524989      42.923847
27799.3971      1.69636646      42.537172
27849.4969      1.69728824      42.733224
27899.4050      1.69832615      42.406798
27999.4371      1.70056261      42.584547
28049.3426      1.70162052      42.311584
28099.4488      1.70268850      42.436195
28149.3669      1.70368064      42.476229
28199.4707      1.70488484      42.479812
28249.3856      1.70599114      42.309756
28299.3204      1.70682873      42.457983
28349.4115      1.70801346      42.617548
28399.3319      1.70901350      42.323472
28449.4308      1.70999182      42.624106
28499.3445      1.71097113      42.304031
28549.4609      1.71207118      42.411026
28599.3775      1.71318803      42.599544
28649.4810      1.71407015      42.378480
28699.4015      1.71506518      42.374262
28799.4225      1.71705332      42.318866
28849.3394      1.71802125      42.126990
28899.4367      1.71895242      42.405095
28949.3616      1.72021797      42.503579
28999.4710      1.72117167      42.583276
29049.3785      1.72205713      42.393239
29099.2984      1.72305933      42.360818
29199.3151      1.72506571      42.549459
29249.4264      1.72612362      42.246928
29299.3429      1.72717360      42.179729
29349.4448      1.72798139      42.539111
29399.3586      1.72894428      42.470592
  