-12,954380
-13,904809
-14,942599
-17,067205
-18,078026
-18,936430
-19,885121
-20,779450
-21,682019
-22,539028
-23,362804
-24,170939
-24,911788
-25,665692
-26,429800
-27,160188
-27,793259
-28,521795
-29,116246
-30,267210
-30,787859
-31,386449
-31,844590
-32,305443
-32,831009
-33,293932
-33,708033
-34,618195
-35,010117
-35,388824
-35,708925
-36,053680
-36,383124
-36,735418
-36,987636
-37,310527
-37,539246
-37,887548
-38,043069
-38,323598
-38,544850
-38,758469
-38,997373
-39,209599
-39,395415
-39,575900
-39,777778
-39,930186
-40,229156
-40,373442
-40,560603
-40,678304
-40,773882
-40,794281
-41,062794
-41,136693
-41,254760
-41,277302
-41,393418
-41,531120
-41,673139
-41,654969
-41,774571
-41,787122
-41,916418
-41,942904
-41,961802
-42,069179
-42,097746
-42,185562
-42,137977
-42,257383
-42,194209
-42,197443
-42,330229
-42,280232
-42,358378
-42,341680
-42,328874
-42,358269
-42,387302
-42,355580
-42,479392
-42,431750
-42,444410
-42,483225
-42,402797
-42,459558
-42,472873
-42,434413
-42,440341
-42,406031
-42,414799
-42,414036
-42,468463
-42,497044
-42,457381
-42,449443
-42,389408
-42,374525
-42,382241
-42,414124
-42,284870
-42,348703
-42,392282
-42,301199
-42,259693
-42,317056
-42,252392
-42,224538
-42,208582
-42,272706
-42,290573
-42,130394
-42,168891
-42,090754
-42,160663
-42,198093
-42,129411
-42,057477
-42,061437
-42,077375
-41,911920
-42,059527
-41,907135
-41,997816
-41,984897
-41,945553
-41,908091
-41,897549
-41,847721
-41,871693
-41,855070
-41,858136
-41,837848
-41,861547
-41,726852
-41,698101
-41,750934
-41,787111
-41,714909
-41,695960
-41,686910
-41,695156
-41,662754
-41,625660
-41,614511
-41,598944
-41,626776
-41,722732
-41,540260
-41,573363
-41,593819
-41,540492
-41,652052
-41,599133
-41,469603
-41,508812
-41,621094
-41,458337
-41,503432
-41,472475
-41,460806
-41,530988
-41,454738
-41,493116
-41,468404
-41,472574
-41,465191
-41,368811
-41,452882
-41,375959
-41,365390
-41,391702
-41,472005
-41,458446
-41,421095
-41,359788
-41,422192
-41,406505
-41,275945
-41,301827
-41,316545
-41,410483
-41,429551
-41,308623
-41,437006
-41,270814
-41,281346
-41,341054
-41,225551
-41,246986
-41,253767
-41,340912
-41,233320
-41,445412
-41,297159
-41,298343
-41,341074
-41,189969
-41,200070
-41,230196
-41,301175
-41,273391
-41,228081
-41,297743
-41,174495
-41,261966
-41,201194
-41,283361
-41,334065
-41,331178
-41,288634
-41,321612
-41,242767
-41,289227
-41,292939
-41,405626
-41,348213
-41,275154
-41,296107
-41,425935
-41,256918
-41,347656
-41,399052
-41,369544
-41,360684
-41,222501
-41,341792
-41,348841
-41,369562
-41,450851
-41,283557
-41,491909
-41,457598
-41,456542
-41,300139
-41,551481
-41,541444
-41,362222
-41,428850
-41,524355
-41,398834
-41,353084
-41,378792
-41,382455
-41,610226
-41,646693
-41,585575
-41,652566
-41,730101
-41,570971
-41,632412
-41,646507
-41,606723
-41,688626
-41,677163
-41,629685
-41,535702
-41,596057
-41,602478
-41,689047
-41,627505
-41,732789
-41,584626
-41,636779
-41,788817
-41,853937
-41,647213
-41,890398
-41,846581
-41,770869
-41,751883
-41,729466
-41,954802
-41,773851
-41,815556
-41,806388
-41,811720
-41,832106
-41,954239
-41,969987
-41,941236
-41,957726
-41,977696
-41,965235
-41,946135
-41,859939
-41,848632
-41,896576
-41,894517
-41,865193
-42,156886
-42,120519
-42,058166
-42,099058
-42,010628
-42,176653
-42,011461
-42,055783
-42,098534
-42,329103
-42,197402
-42,394205
-42,317845
-42,288041
-42,166402
-42,285356
-42,283937
-42,295025
-42,325139
-42,353951
-42,535011
-42,378098
-42,381800
-42,350622
-42,430167
-42,526166
-42,512586
-42,451674
-42,475917
-42,622426
-42,345769
-42,423698
-42,630529
-42,542227
-42,512170
-42,739735
-42,393346
-42,724851
-42,607613
-42,707778
-42,660314
-42,685343
-42,639017
-42,709539
-42,760698
-42,864642
-42,670859
-42,753309
-42,944823
-42,911916
-42,931999
-42,827575
-42,969625
-42,893468
-42,872465
-42,745036
-43,091092
-42,937608
-42,945013
-43,027593
-42,977427
-42,913937
-42,992437
-43,242449
-42,915942
-43,229342
-43,152137
-43,237021
-43,053142
-43,146291
-43,119466
-43,276404
-43,355035
-43,196612
-43,081558
-43,059252
-43,283772
-43,240350
-43,366313
-43,275062
-43,436974
-43,251835
-43,361240
-43,288226
-43,365742
-43,605823
-43,464649
-43,646944
-43,414384
-43,324149
-43,599002
-43,451424
-43,398739
-43,469205
-43,423793
-43,432534
-43,778399
-43,468317
-43,787313
-43,497858
-43,545237
-43,842973
-43,597904
-43,888926
-43,899016
-43,682931
-43,853859
-43,824737
-43,551952
-43,813587
-43,873129
-43,713169
-43,788556
-43,835257
-43,762960
-43,817221
-43,827573
-43,753303
-44,002799
-43,894314
-44,022855
-44,062946
-44,110249
-43,944297
-44,211927
-44,029962
-43,998637
-43,879545
-44,222850
-44,001402
-43,931692
-44,099686
-44,120722
-44,335732
-43,987987
-44,079170
-44,307587
-44,298322
-43,978786
-44,181648
-44,298018
-44,442968
-44,332362
-44,265886
-44,365526
-44,194636
-44,202247
-44,389174
-44,481864
-44,507957
-44,189502
-44,401385
-44,412476
-44,375298
-44,681286
-44,481843
-44,602440
-44,531797
-44,354957
-44,424556
-44,376930
-44,587844
-44,531949
-44,659784
-44,818781
-44,511409
-44,630484
-44,629880
-44,518040
-44,946416
-44,718209
-44,695309
-44,866300
-44,753085
-44,577139
-44,783901
-44,893903
-44,832717
-44,708164
-44,970353
-44,906953
-44,675673
-44,990233
-44,601807
-44,663317
-44,913301
-44,851830
-44,797565
-45,092356
-45,020993
-44,697817
-44,789174
-45,004930
-45,059022
-44,891469
-44,989751
-45,210672
-45,151908
-44,957204
-45,049800
-45,320339
-45,049174
-45,245844
-45,150859
-44,974470
-45,320391
-44,999933
-45,095637
-45,272368
-45,319977
-45,344125
-45,314136
-45,285425
-45,321007
-45,041843
-45,312720
-45,060562
-45,081040
-45,495741
-45,442075
-45,467170
-45,129965
-45,166446
-45,116688
-45,630207
-45,461270
-45,394588
-45,527945
-45,252604
-45,502029
-45,742592
-45,529454
-45,239148
-45,328082
-45,464193
-45,337497
-45,311490
-45,368588
-45,480490
-45,828442
-45,542723
-45,672748
-45,698055
-45,859203
-45,676863
-45,798783
-45,804765
-45,444994
-45,537695
-45,801183
-45,670271
-45,545447
-45,445088
-45,572265
-45,850808
-45,573140
-45,484244
-45,983148
-46,022732
-46,005911
-45,767296
-45,674793
-45,771198
-45,864977
-45,781614
