499.911378      2.405651        -12.954380
550.007993      2.388033        -13.904809
599.945038      2.369389        -14.942599
699.974582      2.329489        -17.067205
750.077826      2.308151        -18.078026
799.991132      2.286323        -18.936430
849.908311      2.264130        -19.885121
900.015888      2.240938        -20.779450
949.933084      2.217900        -21.682019
1000.037765     2.194069        -22.539028
1049.947114     2.170302        -23.362804
1100.053146     2.146194        -24.170939
1149.971454     2.122283        -24.911788
1199.893601     2.098063        -25.665692
1249.989568     2.073864        -26.429800
1299.913392     2.049876        -27.160188
1350.019372     2.025935        -27.793259
1399.936566     2.002155        -28.521795
1450.037477     1.978544        -29.116246
1549.869168     1.931963        -30.267210
1599.981781     1.909052        -30.787859
1649.899392     1.886440        -31.386449
1700.002483     1.864201        -31.844590
1749.912059     1.842213        -32.305443
1800.023980     1.820498        -32.831009
1849.934306     1.799195        -33.293932
1900.041595     1.778265        -33.708033
1999.877413     1.737565        -34.618195
2049.983004     1.717659        -35.010117
2099.899452     1.698284        -35.388824
2150.008796     1.679111        -35.708925
2199.923638     1.660509        -36.053680
2250.021852     1.642122        -36.383124
2299.945053     1.624209        -36.735418
2349.865640     1.606610        -36.987636
2399.965670     1.589338        -37.310527
2449.886704     1.572515        -37.539246
2499.991236     1.555965        -37.887548
2549.903459     1.539756        -38.043069
2600.009448     1.523784        -38.323598
2649.931601     1.508328        -38.544850
2700.034654     1.493078        -38.758469
2749.952214     1.478297        -38.997373
2799.869463     1.463689        -39.209599
2849.978401     1.449467        -39.395415
2899.892669     1.435522        -39.575900
2949.999079     1.421826        -39.777778
2999.906578     1.408580        -39.930186
3099.935581     1.382640        -40.229156
3149.851316     1.370126        -40.373442
3199.952142     1.357914        -40.560603
3249.869596     1.345902        -40.678304
3299.979800     1.334156        -40.773882
3349.895548     1.322714        -40.794281
3399.998949     1.311446        -41.062794
3449.918667     1.300377        -41.136693
3549.937877     1.279130        -41.254760
3599.855455     1.268739        -41.277302
3649.960443     1.258664        -41.393418
3699.878781     1.248778        -41.531120
3749.978914     1.239054        -41.673139
3799.904547     1.229555        -41.654969
3850.009240     1.220269        -41.774571
3949.842879     1.202161        -41.787122
3999.947884     1.193568        -41.916418
4049.866489     1.184894        -41.942904
4099.966371     1.176504        -41.961802
4149.881781     1.168370        -42.069179
4199.990135     1.160292        -42.097746
4249.910055     1.152359        -42.185562
4299.827857     1.144700        -42.137977
4349.926351     1.136993        -42.257383
4399.850897     1.129585        -42.194209
4449.954452     1.122197        -42.197443
4499.877619     1.115026        -42.330229
4549.969957     1.107962        -42.280232
4599.889733     1.101119        -42.358378
4649.808511     1.094290        -42.341680
4699.908199     1.087627        -42.328874
4749.825485     1.081127        -42.358269
4799.930328     1.074677        -42.387302
4849.848340     1.068358        -42.355580
4899.952428     1.062226        -42.479392
4949.872208     1.056179        -42.431750
4999.979013     1.050088        -42.444410
5099.816502     1.038520        -42.483225
5149.916050     1.032897        -42.402797
5199.840951     1.027341        -42.459558
5249.938879     1.021887        -42.472873
5299.857181     1.016547        -42.434413
5349.957819     1.011289        -42.440341
5399.878810     1.006083        -42.406031
5449.799187     1.000962        -42.414799
5499.898549     0.995952        -42.414036
5549.815955     0.990997        -42.468463
5599.921132     0.986186        -42.497044
5649.844289     0.981475        -42.457381
5699.946934     0.976743        -42.449443
5749.861968     0.972174        -42.389408
5799.968209     0.967644        -42.374525
5899.800641     0.958816        -42.382241
5949.906262     0.954477        -42.414124
5999.815447     0.950251        -42.284870
6049.929010     0.946067        -42.348703
6099.848816     0.941999        -42.392282
6149.948279     0.937867        -42.301199
6199.870524     0.933901        -42.259693
6249.792064     0.930035        -42.317056
6349.809082     0.922383        -42.252392
6399.910258     0.918614        -42.224538
6449.830570     0.914836        -42.208582
6499.943056     0.911115        -42.272706
6549.848757     0.907554        -42.290573
6599.763762     0.903956        -42.130394
6649.875185     0.900497        -42.168891
6699.791748     0.897060        -42.090754
6749.896386     0.893671        -42.160663
6799.812160     0.890332        -42.198093
6849.921332     0.887013        -42.129411
6899.837958     0.883763        -42.057477
6949.939665     0.880560        -42.061437
6999.859766     0.877422        -42.077375
7049.773423     0.874358        -41.911920
7149.793014     0.868223        -42.059527
7199.900283     0.865252        -41.907135
7249.817304     0.862233        -41.997816
7299.924264     0.859381        -41.984897
7349.837829     0.856461        -41.945553
7399.758898     0.853616        -41.908091
7449.861723     0.850732        -41.897549
7499.784343     0.847996        -41.847721
7549.883105     0.845189        -41.871693
7599.805685     0.842563        -41.855070
7649.906299     0.839883        -41.858136
7699.825766     0.837193        -41.837848
7749.737171     0.834665        -41.861547
7799.847505     0.832028        -41.726852
7849.766134     0.829503        -41.698101
7899.871519     0.826930        -41.750934
7949.783855     0.824432        -41.787111
7999.896747     0.821970        -41.714909
8049.802116     0.819544        -41.695960
8099.913186     0.817180        -41.686910
8149.827261     0.814733        -41.695156
8199.749289     0.812428        -41.662754
8299.763506     0.807788        -41.625660
8349.874524     0.805480        -41.614511
8399.788363     0.803245        -41.598944
8449.891912     0.800996        -41.626776
8499.821103     0.798785        -41.722732
8549.725601     0.796609        -41.540260
8599.836202     0.794474        -41.573363
8649.755603     0.792309        -41.593819
8699.861119     0.790208        -41.540492
8749.775799     0.788138        -41.652052
8799.877009     0.786028        -41.599133
8849.799207     0.783993        -41.469603
8899.899463     0.781919        -41.508812
8949.820789     0.780001        -41.621094
8999.736977     0.778070        -41.458337
9049.843182     0.776153        -41.503432
9099.750986     0.774193        -41.472475
9149.864106     0.772301        -41.460806
9199.778784     0.770383        -41.530988
9249.887587     0.768545        -41.454738
9299.797456     0.766665        -41.493116
9349.723118     0.764781        -41.468404
9399.825499     0.762933        -41.472574
9449.747891     0.761118        -41.465191
9499.854164     0.759219        -41.368811
9549.770345     0.757480        -41.452882
9599.868456     0.755739        -41.375959
9649.789526     0.753937        -41.365390
9699.708674     0.752166        -41.391702
9749.815509     0.750433        -41.472005
9799.729517     0.748737        -41.458446
9849.839614     0.747036        -41.421095
9899.746515     0.745302        -41.359788
9949.856189     0.743629        -41.422192
9999.777141     0.742022        -41.406505
10049.865749        0.740395        -41.275945
10099.791357        0.738820        -41.301827
10149.709814        0.737209        -41.316545
10199.823323        0.735583        -41.410483
10249.736103        0.733994        -41.429551
10349.752522        0.730873        -41.308623
10399.854502        0.729318        -41.437006
10449.781538        0.727801        -41.270814
10499.695939        0.726296        -41.281346
10549.791987        0.724826        -41.341054
10599.712172        0.723309        -41.225551
10649.818885        0.721825        -41.246986
10699.736955        0.720351        -41.253767
10749.837387        0.718918        -41.340912
10799.753629        0.717425        -41.233320
10849.676595        0.715985        -41.445412
10899.787545        0.714552        -41.297159
10949.700382        0.713112        -41.298343
10999.805893        0.711720        -41.341074
11099.828812        0.708914        -41.189969
11149.741265        0.707523        -41.200070
11199.847795        0.706120        -41.230196
11249.764620        0.704795        -41.301175
11299.680745        0.703417        -41.273391
11349.784893        0.702055        -41.228081
11399.698817        0.700732        -41.297743
11449.804616        0.699378        -41.174495
11499.729448        0.698102        -41.261966
11549.833560        0.696695        -41.201194
11599.746794        0.695470        -41.283361
11649.669043        0.694133        -41.334065
11699.771331        0.692906        -41.331178
11749.690821        0.691577        -41.288634
11799.795894        0.690311        -41.321612
11849.711874        0.689033        -41.242767
11899.810284        0.687773        -41.289227
11949.730331        0.686500        -41.292939
11999.829835        0.685335        -41.405626
12049.760736        0.684047        -41.348213
12099.674120        0.682875        -41.275154
12199.690754        0.680370        -41.296107
12249.797755        0.679174        -41.425935
12299.715227        0.677980        -41.256918
12349.820618        0.676804        -41.347656
12399.737892        0.675616        -41.399052
12449.646461        0.674425        -41.369544
12499.758438        0.673231        -41.360684
12549.674594        0.672069        -41.222501
12599.777882        0.670901        -41.341792
12649.705532        0.669761        -41.348841
12699.803218        0.668559        -41.369562
12749.722405        0.667478        -41.450851
12799.643560        0.666348        -41.283557
12849.739722        0.665240        -41.491909
12899.665542        0.664067        -41.457598
12949.762191        0.662974        -41.456542
12999.688234        0.661854        -41.300139
13049.781267        0.660723        -41.551481
13099.700300        0.659630        -41.541444
13149.807164        0.658577        -41.362222
13199.727555        0.657450        -41.428850
13299.749630        0.655301        -41.524355
13349.665257        0.654211        -41.398834
13399.767168        0.653176        -41.353084
13449.689120        0.652067        -41.378792
13499.800168        0.651049        -41.382455
13549.710084        0.649954        -41.610226
13599.623833        0.648903        -41.646693
13699.647734        0.646801        -41.585575
13749.752319        0.645800        -41.652566
13799.671280        0.644771        -41.730101
13849.770658        0.643709        -41.570971
13899.693665        0.642703        -41.632412
13949.612658        0.641680        -41.646507
13999.711745        0.640696        -41.606723
14099.738123        0.638664        -41.688626
14149.655535        0.637639        -41.677163
14199.754743        0.636670        -41.629685
14249.674350        0.635667        -41.535702
14299.780951        0.634640        -41.596057
14349.703922        0.633683        -41.602478
14399.617007        0.632714        -41.689047
14499.633184        0.630758        -41.627505
14549.735476        0.629792        -41.732789
14599.664832        0.628860        -41.584626
14649.761937        0.627891        -41.636779
14699.677464        0.626902        -41.788817
14749.606589        0.625995        -41.853937
14799.703668        0.625040        -41.647213
14849.619586        0.624070        -41.890398
14899.727355        0.623155        -41.846581
14949.658147        0.622224        -41.770869
14999.750912        0.621244        -41.751883
15049.662004        0.620318        -41.729466
15099.770966        0.619385        -41.954802
15149.689561        0.618468        -41.773851
15199.604285        0.617569        -41.815556
15249.710528        0.616606        -41.806388
15299.627563        0.615704        -41.811720
15349.738542        0.614797        -41.832106
15399.647238        0.613861        -41.954239
15449.750888        0.612980        -41.969987
15499.664192        0.612073        -41.941236
15549.588526        0.611184        -41.957726
15599.690671        0.610274        -41.977696
15649.615407        0.609387        -41.965235
15699.721199        0.608511        -41.946135
15749.629786        0.607655        -41.859939
15799.737835        0.606764        -41.848632
15849.658543        0.605924        -41.896576
15899.570293        0.605024        -41.894517
15949.681853        0.604111        -41.865193
15999.598048        0.603255        -42.156886
16049.701375        0.602389        -42.120519
16099.618574        0.601476        -42.058166
16149.716303        0.600655        -42.099058
16199.643322        0.599784        -42.010628
16249.755397        0.598919        -42.176653
16299.664841        0.598033        -42.011461
16349.584591        0.597251        -42.055783
16399.677394        0.596380        -42.098534
16449.604774        0.595526        -42.329103
16499.703837        0.594666        -42.197402
16599.719517        0.593006        -42.394205
16649.640851        0.592189        -42.317845
16699.566243        0.591332        -42.288041
16749.663844        0.590516        -42.166402
16799.594123        0.589711        -42.285356
16849.691746        0.588883        -42.283937
16899.610261        0.588027        -42.295025
16999.634778        0.586398        -42.325139
17049.548661        0.585600        -42.353951
17099.655982        0.584769        -42.535011
17149.565887        0.583949        -42.378098
17199.672103        0.583140        -42.381800
17249.596965        0.582360        -42.350622
17299.706896        0.581571        -42.430167
17399.722112        0.579936        -42.526166
17449.629323        0.579112        -42.512586
17499.542070        0.578344        -42.451674
17549.657585        0.577575        -42.475917
17599.577111        0.576810        -42.622426
17649.673015        0.576017        -42.345769
17699.602718        0.575233        -42.423698
17749.709798        0.574422        -42.630529
17849.529011        0.572899        -42.542227
17899.636815        0.572088        -42.512170
17949.553622        0.571346        -42.739735
17999.670238        0.570583        -42.393346
18049.574822        0.569813        -42.724851
18099.683996        0.569020        -42.607613
18149.594370        0.568294        -42.707778
18199.716363        0.567498        -42.660314
18249.625059        0.566768        -42.685343
18299.538515        0.566020        -42.639017
18349.647014        0.565239        -42.709539
18399.557816        0.564489        -42.760698
18449.664260        0.563711        -42.864642
18549.690874        0.562276        -42.670859
18599.604707        0.561446        -42.753309
18649.524572        0.560778        -42.944823
18699.628273        0.560005        -42.911916
18749.543610        0.559282        -42.931999
18799.648866        0.558504        -42.827575
18849.568493        0.557793        -42.969625
18899.668474        0.557028        -42.893468
18949.586805        0.556305        -42.872465
18999.502569        0.555617        -42.745036
19049.613686        0.554891        -43.091092
19099.522827        0.554131        -42.937608
19149.640799        0.553384        -42.945013
19199.550510        0.552721        -43.027593
19299.575634        0.551206        -42.977427
19349.678811        0.550494        -42.913937
19399.589100        0.549807        -42.992437
19449.522266        0.549078        -43.242449
19499.620848        0.548366        -42.915942
19549.532712        0.547649        -43.229342
19599.638486        0.546977        -43.152137
19649.551526        0.546205        -43.237021
19699.660580        0.545531        -43.053142
19749.574358        0.544823        -43.146291
19799.504264        0.544106        -43.119466
19849.594371        0.543399        -43.276404
19899.518640        0.542713        -43.355035
19949.623372        0.542000        -43.196612
19999.535276        0.541314        -43.081558
20049.648873        0.540613        -43.059252
20099.557165        0.539884        -43.283772
20149.477243        0.539268        -43.240350
20199.587052        0.538524        -43.366313
20249.498307        0.537862        -43.275062
20299.599956        0.537155        -43.436974
20349.520444        0.536473        -43.251835
20399.626901        0.535772        -43.361240
20449.541199        0.535135        -43.288226
20499.644542        0.534425        -43.365742
20549.571862        0.533759        -43.605823
20599.486336        0.533055        -43.464649
20649.595033        0.532362        -43.646944
20699.506334        0.531733        -43.414384
20749.611591        0.531081        -43.324149
20799.527905        0.530368        -43.599002
20849.632373        0.529768        -43.451424
20899.557110        0.529063        -43.398739
20949.470673        0.528406        -43.469205
20999.572510        0.527783        -43.423793
21049.498914        0.527092        -43.432534
21099.601931        0.526405        -43.778399
21149.507980        0.525773        -43.468317
21199.619625        0.525083        -43.787313
21249.534282        0.524425        -43.497858
21299.633116        0.523820        -43.545237
21349.558926        0.523150        -43.842973
21399.470356        0.522465        -43.597904
21449.577215        0.521853        -43.888926
21499.494614        0.521187        -43.899016
21549.598744        0.520577        -43.682931
21599.522282        0.519901        -43.853859
21649.630951        0.519252        -43.824737
21699.536217        0.518640        -43.551952
21749.454273        0.517995        -43.813587
21799.567104        0.517323        -43.873129
21849.486053        0.516693        -43.713169
21899.592384        0.516019        -43.788556
21949.509365        0.515419        -43.835257
22049.525801        0.514144        -43.762960
22099.446234        0.513516        -43.817221
22149.554192        0.512880        -43.827573
22199.468969        0.512204        -43.753303
22249.576595        0.511590        -44.002799
22299.491475        0.510971        -43.894314
22349.584573        0.510340        -44.022855
22449.611522        0.509083        -44.062946
22499.533951        0.508481        -44.110249
22549.446713        0.507843        -43.944297
22599.551299        0.507227        -44.211927
22649.464733        0.506599        -44.029962
22699.574635        0.505957        -43.998637
22749.491197        0.505392        -43.879545
22799.601004        0.504788        -44.222850
22849.514708        0.504162        -44.001402
22899.432902        0.503521        -43.931692
22949.532794        0.502910        -44.099686
22999.446455        0.502307        -44.120722
23049.569207        0.501682        -44.335732
23149.574840        0.500479        -43.987987
23199.493848        0.499875        -44.079170
23249.414969        0.499275        -44.307587
23299.512346        0.498658        -44.298322
23349.438756        0.498135        -43.978786
23399.540368        0.497516        -44.181648
23449.457398        0.496898        -44.298018
23499.567454        0.496293        -44.442968
23549.489487        0.495714        -44.332362
23599.575427        0.495083        -44.265886
23649.500295        0.494487        -44.365526
23699.421343        0.493887        -44.194636
23749.529344        0.493313        -44.202247
23799.447251        0.492668        -44.389174
23849.546003        0.492088        -44.481864
23899.470898        0.491523        -44.507957
23949.563714        0.490970        -44.189502
23999.487020        0.490381        -44.401385
24049.402367        0.489775        -44.412476
24099.506034        0.489187        -44.375298
24149.423233        0.488626        -44.681286
24199.532793        0.488041        -44.481843
24249.436844        0.487461        -44.602440
24299.553574        0.486871        -44.531797
24349.468200        0.486295        -44.354957
24399.575986        0.485698        -44.424556
24449.490899        0.485149        -44.376930
24499.417414        0.484564        -44.587844
24549.523290        0.484012        -44.531949
24599.431632        0.483446        -44.659784
24649.536467        0.482897        -44.818781
24699.452254        0.482353        -44.511409
24749.556106        0.481791        -44.630484
24799.472032        0.481179        -44.629880
24899.505214        0.480048        -44.518040
24949.418774        0.479505        -44.946416
24999.518236        0.478969        -44.718209
25049.440823        0.478381        -44.695309
25099.541053        0.477832        -44.866300
25149.456349        0.477286        -44.753085
25199.377593        0.476707        -44.577139
25249.482401        0.476105        -44.783901
25299.399769        0.475595        -44.893903
25349.502434        0.475048        -44.832717
25399.428606        0.474509        -44.708164
25449.531338        0.473927        -44.970353
25499.444961        0.473417        -44.906953
25549.547899        0.472874        -44.675673
25599.462389        0.472323        -44.990233
25649.382524        0.471785        -44.601807
25699.488384        0.471234        -44.663317
25749.413110        0.470707        -44.913301
25799.510710        0.470157        -44.851830
25849.429847        0.469614        -44.797565
25899.521870        0.469087        -45.092356
25949.449801        0.468562        -45.020993
25999.365503        0.468018        -44.697817
26049.469485        0.467473        -44.789174
26099.380107        0.466922        -45.004930
26149.492385        0.466376        -45.059022
26199.419428        0.465830        -44.891469
26299.424215        0.464777        -44.989751
26349.345063        0.464236        -45.210672
26399.456637        0.463692        -45.151908
26449.368017        0.463210        -44.957204
26499.476659        0.462659        -45.049800
26549.390702        0.462135        -45.320339
26599.497377        0.461608        -45.049174
26649.416773        0.461124        -45.245844
26699.518589        0.460587        -45.150859
26749.444739        0.460051        -44.974470
26799.354266        0.459520        -45.320391
26849.456789        0.459004        -44.999933
26899.377563        0.458507        -45.095637
26949.490025        0.458002        -45.272368
26999.402407        0.457451        -45.319977
27049.497785        0.456940        -45.344125
27099.420378        0.456456        -45.314136
27149.337184        0.455936        -45.285425
27199.436363        0.455405        -45.321007
27249.369333        0.454902        -45.041843
27299.460150        0.454350        -45.312720
27349.376363        0.453829        -45.060562
27399.484323        0.453356        -45.081040
27449.415901        0.452839        -45.495741
27499.515142        0.452342        -45.442075
27549.428310        0.451852        -45.467170
27599.345188        0.451324        -45.129965
27649.439770        0.450835        -45.166446
27699.371664        0.450295        -45.116688
27749.465028        0.449799        -45.630207
27799.392200        0.449302        -45.461270
27849.499679        0.448812        -45.394588
27899.411372        0.448320        -45.527945
27949.327720        0.447782        -45.252604
28049.361016        0.446783        -45.502029
28099.453167        0.446297        -45.742592
28149.380281        0.445803        -45.529454
28199.475757        0.445329        -45.239148
28249.390586        0.444799        -45.328082
28299.310668        0.444347        -45.464193
28349.417116        0.443862        -45.337497
28399.336054        0.443339        -45.311490
28449.433385        0.442881        -45.368588
28499.357670        0.442417        -45.480490
28549.458147        0.441913        -45.828442
28599.379286        0.441420        -45.542723
28649.485072        0.440934        -45.672748
28699.396440        0.440435        -45.698055
28749.316104        0.439965        -45.859203
28799.412278        0.439479        -45.676863
28849.349567        0.439034        -45.798783
28899.443300        0.438541        -45.804765
28949.371142        0.438060        -45.444994
28999.453740        0.437580        -45.537695
29049.388172        0.437065        -45.801183
29099.297721        0.436595        -45.670271
29149.411357        0.436121        -45.545447
29199.324593        0.435656        -45.445088
29249.422013        0.435166        -45.572265
29299.344011        0.434687        -45.850808
29349.446640        0.434225        -45.573140
29399.370863        0.433757        -45.484244
29449.286639        0.433264        -45.983148
29549.301695        0.432324        -46.022732
29599.409978        0.431839        -46.005911
29649.328021        0.431377        -45.767296
29699.424585        0.430922        -45.674793
29749.342715        0.430468        -45.771198
29799.463833        0.429982        -45.864977
29849.370882        0.429505        -45.781614
