46.704178	7.683104E-3	   
46.704180	5.831554E-1	   
46.704182	1.123869E+0	   
46.704184	1.592166E+0	   
46.704186	1.960046E+0	   
46.704188	2.207230E+0	   
46.704190	2.314408E+0	   
46.704192	2.275142E+0	   
46.704194	2.093937E+0	   
46.704196	1.780129E+0	   
46.704198	1.354960E+0	    
46.704200	8.416033E-1	    
46.704202	2.767517E-1	    
46.704204	-3.009730E-1	
46.704206	-8.655008E-1	
46.704208	-1.372738E+0	
46.704210	-1.797904E+0	
46.704212	-2.108490E+0	
46.704214	-2.286473E+0	
46.704216	-2.318658E+0	
46.704218	-2.207942E+0	
46.704220	-1.960760E+0	
46.704222	-1.588379E+0
46.704224	-1.114292E+0
46.704226	-5.726159E-1
46.704228	9.614218E-3	   
46.704230	5.828335E-1	   
46.704232	1.123547E+0	   
46.704234	1.592166E+0	   
46.704236	1.961977E+0	   
46.704238	2.207874E+0	   
46.704240	2.314730E+0	   
46.704242	2.275786E+0	   
46.704244	2.095225E+0	   
46.704246	1.779807E+0	   
46.704248	1.355282E+0	    
46.704250	8.406378E-1	    
46.704252	2.786828E-1	    
46.704254	-2.993638E-1	
46.704256	-8.651790E-1	
46.704258	-1.373704E+0	
46.704260	-1.798547E+0	
46.704262	-2.107846E+0	
46.704264	-2.284864E+0	
46.704266	-2.319624E+0	
46.704268	-2.209873E+0	
46.704270	-1.961082E+0	
46.704272	-1.585160E+0
46.704274	-1.113326E+0
46.704276	-5.690756E-1
46.704278	9.614218E-3	   
46.704280	5.828335E-1	   
46.704282	1.123869E+0	   
46.704284	1.592488E+0	   
46.704286	1.960689E+0	   
46.704288	2.206909E+0	   
46.704290	2.314408E+0	   
46.704292	2.274820E+0	   
46.704294	2.092650E+0	   
46.704296	1.780773E+0	   
46.704298	1.354638E+0	    
46.704300	8.438563E-1	    
46.704302	2.783609E-1	    
46.704304	-2.996856E-1	
46.704306	-8.642134E-1	
46.704308	-1.373060E+0	
46.704310	-1.798226E+0	
46.704312	-2.107524E+0	
46.704314	-2.284864E+0	
46.704316	-2.320589E+0	
46.704318	-2.208585E+0	
46.704320	-1.960117E+0	
46.704322	-1.586448E+0
46.704324	-1.114614E+0
46.704326	-5.706848E-1
46.704328	8.970513E-3	   
46.704330	5.828335E-1	   
46.704332	1.122903E+0	   
46.704334	1.594741E+0	   
46.704336	1.962621E+0	   
46.704338	2.208196E+0	   
46.704340	2.315696E+0	   
46.704342	2.275142E+0	   
46.704344	2.092972E+0	   
46.704346	1.780773E+0	   
46.704348	1.356247E+0	    
46.704350	8.432126E-1	    
46.704352	2.799702E-1	    
46.704354	-3.006512E-1	
46.704356	-8.626042E-1	
46.704358	-1.372417E+0	
46.704360	-1.797904E+0	
46.704362	-2.106559E+0	
46.704364	-2.285508E+0	
46.704366	-2.319946E+0	
46.704368	-2.210195E+0	
46.704370	-1.958829E+0	
46.704372	-1.586126E+0
46.704374	-1.114614E+0
46.704376	-5.703630E-1
46.704378	6.717548E-3	   
46.704380	5.818680E-1	   
46.704382	1.123547E+0	   
46.704384	1.593132E+0	   
46.704386	1.961655E+0	   
46.704388	2.205943E+0	   
46.704390	2.315374E+0	   
46.704392	2.274820E+0	   
46.704394	2.094259E+0	   
46.704396	1.781095E+0	   
46.704398	1.357535E+0	    
46.704400	8.435345E-1	    
46.704402	2.790046E-1	    
46.704404	-2.993638E-1	
46.704406	-8.661445E-1	
46.704408	-1.374348E+0	
46.704410	-1.796938E+0	
46.704412	-2.107524E+0	
46.704414	-2.287117E+0	
46.704416	-2.320268E+0	
46.704418	-2.209873E+0	
46.704420	-1.960117E+0	
46.704422	-1.587413E+0
46.704424	-1.113648E+0
46.704426	-5.710067E-1
46.704428	5.751991E-3	    
46.704430	5.825117E-1	    
46.704432	1.124191E+0	    
46.704434	1.591844E+0	    
46.704436	1.962299E+0	    
46.704438	2.206587E+0	    
46.704440	2.315696E+0	    
46.704442	2.274820E+0	    
46.704444	2.095225E+0	    
46.704446	1.781416E+0	    
46.704448	1.355603E+0	     
46.704450	8.445000E-1	     
46.704452	2.786828E-1	     
46.704454	-2.983982E-1	
46.704456	-8.635697E-1	
46.704458	-1.373060E+0	
46.704460	-1.796294E+0	
46.704462	-2.107846E+0	
46.704464	-2.285508E+0	
46.704466	-2.319624E+0	
46.704468	-2.207620E+0	
46.704470	-1.959795E+0	
46.704472	-1.588701E+0
46.704474	-1.115579E+0
46.704476	-5.719722E-1
46.704478	7.683104E-3	   
46.704480	5.821898E-1	   
46.704482	1.123869E+0	   
46.704484	1.592166E+0	   
46.704486	1.961011E+0	   
46.704488	2.207874E+0	   
46.704490	2.316018E+0	   
46.704492	2.277717E+0	   
46.704494	2.092972E+0	   
46.704496	1.781738E+0	   
46.704498	1.355603E+0	    
46.704500	8.451437E-1	    
46.704502	2.809357E-1	    
46.704504	-2.977545E-1	
46.704506	-8.635697E-1	
46.704508	-1.373060E+0	
46.704510	-1.794041E+0	
46.704512	-2.106881E+0	
46.704514	-2.285508E+0	
46.704516	-2.319302E+0	
46.704518	-2.210195E+0	
46.704520	-1.960438E+0	
46.704522	-1.586769E+0
46.704524	-1.115579E+0
46.704526	-5.722941E-1
46.704528	8.004956E-3	   
46.704530	5.799369E-1	   
46.704532	1.122903E+0	   
46.704534	1.591201E+0	   
46.704536	1.961655E+0	   
46.704538	2.208196E+0	   
46.704540	2.314086E+0	   
46.704542	2.275786E+0	   
46.704544	2.095225E+0	   
46.704546	1.781416E+0	   
46.704548	1.355603E+0	    
46.704550	8.457874E-1	    
46.704552	2.799702E-1	    
46.704554	-2.987201E-1	
46.704556	-8.632479E-1	
46.704558	-1.372095E+0	
46.704560	-1.796616E+0	
46.704562	-2.107524E+0	
46.704564	-2.281967E+0	
46.704566	-2.318658E+0	
46.704568	-2.209229E+0	
46.704570	-1.961082E+0	
46.704572	-1.586769E+0
46.704574	-1.114292E+0
46.704576	-5.703630E-1