499.900531          2.388047        -16.540700
550.001835          2.367048        -17.837802
599.954567          2.344466        -19.321518
650.074802          2.321141        -20.778444
699.974901          2.296590        -22.080673
750.074072          2.271112        -23.331961
799.985774          2.244844        -24.681549
900.017336          2.189648        -27.311966
949.929206          2.161430        -28.514102
1000.034282         2.132491        -29.784805
1049.957445         2.103129        -30.985372
1100.056613         2.073271        -32.098837
1149.972263         2.043475        -33.218939
1199.887096         2.013284        -34.338341
1249.992651         1.983002        -35.428276
1299.920634         1.952935        -36.479326
1350.023668         1.922614        -37.538516
1399.936217         1.892334        -38.524195
1450.030261         1.862163        -39.532745
1499.964970         1.832228        -40.453009
1549.864852         1.802257        -41.253624
1599.971139         1.772701        -42.301601
1649.890343         1.743285        -43.186187
1700.004130         1.713932        -44.053881
1749.928667         1.685149        -44.808437
1800.032078         1.656380        -45.614282
1849.933906         1.628141        -46.450652
1900.047973         1.600042        -47.233976
1949.965328         1.572588        -48.018177
1999.892599         1.545155        -48.748790
2049.991434         1.517952        -49.494267
2150.000557         1.465040        -50.833798
2199.919338         1.439187        -51.504244
2250.025320         1.413539        -52.154554
2299.953299         1.388343        -52.782327
2349.857161         1.363456        -53.440832
2399.956296         1.338913        -54.047403
2449.890386         1.314760        -54.568704
2499.982501         1.290865        -55.215452
2549.908789         1.267398        -55.725528
2600.003042         1.244301        -56.249579
2649.933871         1.221587        -56.798069
2700.041069         1.199165        -57.304448
2749.952124         1.177026        -57.802098
2799.858223         1.155298        -58.223174
2849.995213         1.133830        -58.758478
2899.897079         1.112721        -59.305872
2950.000488         1.091812        -59.684342
2999.922093         1.071432        -60.192722
3050.011149         1.051151        -60.553257
3099.927991         1.031322        -60.941029
3149.846559         1.011700        -61.328079
3199.959830         0.992293        -61.783420
3249.873043         0.973403        -62.210407
3299.974169         0.954511        -62.525303
3349.899551         0.936133        -62.959902
3400.001778         0.917761        -63.281632
3449.914918         0.899821        -63.615716
3499.828782         0.882192        -63.980905
3549.938894         0.864621        -64.270241
3599.854717         0.847426        -64.541657
3649.952685         0.830459        -64.932659
3699.892172         0.813711        -65.295074
3749.989286         0.796987        -65.423700
3799.880535         0.780853        -65.653787
3850.009902         0.764614        -66.070348
3949.872894         0.733090        -66.493239
3999.935762         0.717648        -66.757488
4049.854759         0.702293        -67.029988
4099.960932         0.687239        -67.289626
4149.878643         0.672351        -67.580898
4199.971766         0.657690        -67.614602
4249.891822         0.643180        -67.835284
4299.848960         0.628917        -68.099197
4349.920034         0.614709        -68.278780
4399.861965         0.600792        -68.380137
4449.959877         0.586952        -68.549063
4499.880391         0.573266        -68.747258
4549.955824         0.559833        -68.829699
4599.915486         0.546550        -68.959231
4649.816226         0.533380        -69.113755
4749.810474         0.507433        -69.224644
4799.914866         0.494693        -69.413472
4849.878082         0.482170        -69.443305
4899.935262         0.469704        -69.524980
4949.880374         0.457461        -69.521996
4999.982798         0.445403        -69.546687
5049.874043         0.433412        -69.540476
5099.834101         0.421529        -69.628542
5149.937066         0.409823        -69.545632
5199.838779         0.398245        -69.632376
5249.900020         0.386720        -69.469417
5299.845399         0.375400        -69.391393
5349.946549         0.364197        -69.411797
5399.897367         0.353195        -69.253133
5449.813680         0.342202        -69.128065
5499.868198         0.331344        -69.016742
5549.804176         0.320611        -68.843762
5599.926257         0.310022        -68.606928
5649.841115         0.299480        -68.451981
5699.922918         0.289038        -68.141739
5749.851363         0.278883        -67.836168
5800.011968         0.268682        -67.649429
5849.868999         0.258624        -67.233241
5899.805159         0.248839        -66.828306
5949.887776         0.239001        -66.286227
5999.874580         0.229241        -65.766201
6049.942913         0.219706        -65.228334
6099.742296         0.210324        -64.437909
6149.985555         0.201027        -63.896081
6199.772221         0.191908        -62.979948
6249.673708         0.182892        -62.155639
6299.892495         0.174097        -61.227109
6349.824007         0.165345        -60.084726
6399.890955         0.156812        -58.758241
6449.797663         0.148550        -57.365466
6500.003219         0.140322        -55.985654
6549.911591         0.132448        -54.122942
6599.772072         0.124719        -52.099920
6649.848870         0.117285        -49.624662
6699.796597         0.110153        -47.358225
6749.896633         0.103411        -44.199249
6799.862169         0.096980        -40.951336
6849.797996         0.091091        -37.068591
6899.769418         0.085710        -32.935416
6950.055650         0.080868        -28.264349
6999.933105         0.076815        -22.763165
7049.763696         0.073600        -16.893248
7099.852377         0.071210        -10.710418
7199.913410         0.069464        2.574980
7250.140586         0.070000        9.009641
7299.882669         0.071648        15.579913
7349.723345         0.074013        21.659697
7399.988131         0.077225        26.797478
7449.952921         0.081084        31.935913
7499.655635         0.085450        36.590939
7549.788314         0.090266        40.313157
7599.730457         0.095519        43.951835
7649.855048         0.101159        46.904645
7699.801233         0.106879        49.601056
7749.758719         0.112899        51.867717
7799.775219         0.119041        54.144831
7849.742597         0.125368        55.860606
7899.895151         0.131654        57.581219
7949.765489         0.138190        59.130147
7999.968916         0.144755        60.540398
8049.792330         0.151325        61.722327
8099.895473         0.157876        62.618742
8149.775259         0.164558        63.666373
8249.928501         0.177876        65.347636
8299.796007         0.184506        66.086694
8349.828032         0.191261        66.765668
8399.784069         0.197873        67.446925
8449.915361         0.204527        67.870260
8499.819847         0.211190        68.347504
8549.669865         0.217728        68.951257
8649.769805         0.230936        69.543747
8699.859981         0.237627        70.040027
8749.796692         0.244129        70.305705
8799.905048         0.250715        70.545286
8849.864753         0.257224        70.835858
8899.905923         0.263693        71.031383
8949.829616         0.270153        71.412798
8999.724330         0.276537        71.640985
9049.840087         0.282959        71.827665
9099.768846         0.289217        71.978982
9149.832069         0.295672        72.063339
9199.770214         0.302011        72.280306
9249.866091         0.308332        72.389391
9299.781534         0.314605        72.537543
9349.747977         0.320736        72.715614
9399.824421         0.326959        72.791240
9449.716601         0.333198        72.888514
9499.820725         0.339326        73.095231
9549.756995         0.345451        73.023431
9599.843903         0.351592        73.187736
9649.774725         0.357579        73.095276
9749.826603         0.369695        73.261246
9799.722027         0.375692        73.293516
9849.845640         0.381651        73.375897
9899.708402         0.387568        73.457997
9949.877025         0.393528        73.512564
9999.791521         0.399191        73.635939
10049.894493            0.405302        73.574707
10099.764683            0.411079        73.600103
10149.756270            0.416824        73.547909
10199.821350            0.422620        73.620870
10249.726347            0.428388        73.504437
10299.793836            0.434081        73.579069
10349.761964            0.439775        73.473278
10399.861483            0.445445        73.669305
10449.781421            0.451064        73.434613
10499.644004            0.456778        73.452900
10549.804148            0.462392        73.655224
10599.727980            0.467852        73.573213
10649.824413            0.473400        73.442337
10699.722189            0.478803        73.647740
10749.821653            0.484401        73.533738
10799.762940            0.489888        73.270696
10849.680729            0.495261        73.319336
10899.779686            0.500701        73.410308
10949.717371            0.506039        73.346375
10999.816193            0.511431        73.266849
11049.716816            0.516735        73.301527
11099.834624            0.522117        73.089816
11149.728255            0.527422        73.236871
11199.844974            0.532665        73.239207
11249.770938            0.537875        73.261193
11299.697661            0.543113        72.987203
11349.768281            0.548345        73.130814
11399.706307            0.553373        72.984458
11449.802885            0.558690        72.892358
11499.706430            0.563738        72.900318
11549.833722            0.568872        72.951675
11649.696688            0.578911        72.696383
11699.760752            0.584095        72.659803
11749.692147            0.588985        72.745088
11799.772220            0.593987        72.646882
11849.721705            0.598956        72.513071
11899.802170            0.603901        72.518180
11949.742865            0.608834        72.502830
12049.755522            0.618615        72.471806
12099.665370            0.623456        72.394253
12149.770354            0.628249        72.166155
12199.718501            0.633001        72.196040
12249.814376            0.637855        72.172450
12299.707016            0.642652        72.246698
12349.812605            0.647352        72.057403
12449.660529            0.656743        71.983624
12499.784024            0.661792        72.018692
12549.685398            0.666166        71.789668
12599.773815            0.670880        71.727815
12649.707294            0.675395        71.715767
12699.799952            0.680055        71.708888
12749.732992            0.684646        71.580435
12799.650925            0.689307        71.471216
12849.726201            0.693762        71.599031
12899.647271            0.698298        71.455879
12949.769597            0.702921        71.320878
12999.692101            0.707366        71.289103
13049.795931            0.711892        71.185647
13099.697016            0.716350        71.179307
13199.726739            0.725245        71.072348
13249.665284            0.729591        71.021708
13299.742424            0.734031        70.918404
13349.660842            0.738255        70.989788
13399.785106            0.742834        70.833926
13449.693061            0.747093        70.708467
13499.792754            0.751367        70.813295
13549.699499            0.755684        70.706326
13599.619687            0.759891        70.524916
13649.727820            0.764313        70.366523
13699.623958            0.768622        70.362954
13749.745716            0.772683        70.340390
13799.660339            0.776850        70.316100
13849.780044            0.781101        70.362632
13899.692779            0.785298        70.072339
13949.590126            0.789464        70.159843
13999.728696            0.793645        70.113455
14049.629307            0.797665        69.952727
14099.734876            0.801867        69.855893
14149.643598            0.805978        70.023026
14199.759869            0.810059        69.896892
14249.678759            0.814043        69.649906
14299.788845            0.818162        69.729592
14349.695856            0.822130        69.555984
14399.627054            0.826192        69.592899
14449.719578            0.830275        69.374923
14499.632476            0.834111        69.452700
14549.739956            0.838132        69.284940
14599.672188            0.842113        69.246614
14649.761903            0.846046        69.291537
14699.661460            0.849963        69.149166
14749.612426            0.853931        69.179351
14799.708712            0.857805        69.036917
14849.624543            0.861688        68.947136
14899.731253            0.865496        68.996233
14999.756182            0.873201        68.813625
15049.655012            0.877030        68.912420
15099.764784            0.880728        68.710437
15149.683728            0.884643        68.757478
15199.601932            0.888302        68.479420
15249.700218            0.892086        68.558429
15299.626150            0.895695        68.487373
15399.646954            0.903258        68.172347
15449.751473            0.906799        68.166282
15499.672056            0.910560        68.133584
15549.595959            0.914119        68.179428
15599.688114            0.917720        68.014509
15649.596358            0.921525        68.034157
15699.705694            0.925081        67.908411
15749.640235            0.928696        67.809641
15799.725263            0.932214        67.733693
15849.653904            0.935887        67.781729
15899.571524            0.939358        67.586748
15949.677711            0.943055        67.476050
15999.594249            0.946486        67.463893
16099.598657            0.953526        67.361186
16149.722893            0.956945        67.535530
16199.649488            0.960469        67.244898
16249.757660            0.963913        67.233628
16299.653787            0.967324        67.186516
16349.581099            0.970764        67.082332
16399.677091            0.974165        66.948670
16449.590782            0.977636        66.972016
16499.714151            0.981026        66.987353
16549.620682            0.984346        66.899930
16599.726961            0.987749        66.944068
16649.641176            0.991171        66.856208
16699.576674            0.994466        66.714975
16749.670174            0.997795        66.613988
16849.693173            1.004451        66.563356
16899.611952            1.007793        66.378671
16949.718506            1.011195        66.382298
16999.627553            1.014372        66.269109
17049.548315            1.017666        66.332550
17099.672787            1.020942        66.367882
17149.570215            1.024165        66.178162
17199.676663            1.027392        66.037579
17249.589175            1.030571        65.942166
17299.708082            1.033799        66.069286
17349.623003            1.037012        66.102486
17399.716492            1.040268        66.018456
17449.636454            1.043347        65.880777
17499.559950            1.046498        65.769666
17549.644084            1.049661        65.808801
17649.674920            1.055971        65.691602
17699.594180            1.059047        65.468320
17749.711547            1.062133        65.556017
17799.613433            1.065209        65.397052
17849.527508            1.068340        65.172673
17899.638267            1.071399        65.264155
17949.559418            1.074421        65.133876
18049.582709            1.080550        65.224807
18099.681223            1.083553        65.046465
18149.589853            1.086459        64.948367
18199.710827            1.089578        65.063474
18249.633992            1.092481        65.101061
18299.536901            1.095485        64.683634
18349.630689            1.098484        64.872037
18399.563202            1.101333        64.808945
18449.675724            1.104376        64.754805
18499.597970            1.107279        64.662387
18549.683454            1.110247        64.542653
18599.604679            1.113099        64.651456
18649.524841            1.115952        64.463343
18699.620912            1.118879        64.278786
18799.644058            1.124640        64.374361
18849.565203            1.127590        64.334438
18899.669818            1.130248        64.111732
18949.583392            1.133235        64.244313
18999.507380            1.136030        63.901818
19049.618237            1.138975        64.013864
19099.522593            1.141707        63.839791
19149.632160            1.144507        63.853120
19199.566664            1.147215        63.990512
19249.676042            1.150104        63.809901
19299.569306            1.152833        63.814099
19349.684547            1.155606        63.872901
19399.605548            1.158336        63.549945
19449.517665            1.160966        63.623369
19549.532876            1.166500        63.627444
19599.648688            1.169187        63.490216
19649.553464            1.171962        63.401395
19699.655009            1.174532        63.452851
19749.570090            1.177274        63.161179
19799.490839            1.179859        63.257965
19849.597340            1.182549        63.236142
19899.524007            1.185270        63.262602
19949.632895            1.187813        63.209463
19999.529788            1.190633        63.216241
20049.650582            1.193093        63.119764
20099.567067            1.195685        62.913872
20149.488365            1.198254        62.955175
20199.578786            1.200846        62.759022
20299.597911            1.206119        62.850588
20349.523251            1.208716        62.913711
20399.627536            1.211255        62.608669
20449.552603            1.213822        62.366281
20499.647087            1.216434        62.355474
20549.570449            1.218879        62.304469
20599.483154            1.221459        62.324301
20649.598549            1.223931        62.333012
20699.509606            1.226413        62.475684
20749.616811            1.228922        62.335430
20799.532424            1.231300        62.142092
20849.637323            1.233879        61.990259
20899.546696            1.236404        62.276619
20949.481774            1.238835        62.280089
20999.579916            1.241267        62.118119
21049.499883            1.243711        61.807061
21099.601947            1.246198        61.800279
21149.510348            1.248544        61.881984
21199.619273            1.250954        62.046471
21249.524013            1.253444        61.766075
21299.642150            1.255915        61.608067
21349.562675            1.258236        61.562577
21399.479784            1.260658        61.572906
21449.580640            1.262989        61.716259
21499.487626            1.265390        61.304221
21549.601795            1.267695        61.629038
21599.515948            1.270081        61.565817
21649.621108            1.272432        61.484762
21699.549767            1.274797        61.165856
21749.433833            1.277167        61.501068
21799.558269            1.279417        61.277857
21849.486141            1.281660        61.208313
21899.575636            1.284058        61.063705
21999.603456            1.288680        61.326066
22049.524299            1.290885        61.158209
22099.438338            1.293106        60.864578
22149.541782            1.295357        60.763720
22199.463788            1.297676        61.046655
22249.578570            1.299920        60.814772
22299.488187            1.302159        60.738295
22399.506240            1.306667        60.755477
22449.613193            1.308911        60.844026
22499.530268            1.311021        60.475099
22549.452992            1.313207        60.616388
22599.546283            1.315433        60.560217
22649.464835            1.317530        60.612557
22699.577457            1.319773        60.358559
22749.498408            1.322025        60.386174
22799.597576            1.324093        60.419578
22849.524675            1.326324        60.215015
22899.426813            1.328448        60.260634
22949.538427            1.330612        60.324067
22999.461701            1.332589        60.369192
23049.554349            1.334781        60.161788
23149.580837            1.339032        60.044302
23199.499775            1.341172        60.088891
23249.415669            1.343362        60.011167
23299.513460            1.345346        59.759968
23349.439687            1.347353        59.727663
23399.543778            1.349572        59.850832
23449.460211            1.351648        59.643810
23549.472402            1.355700        59.818136
23599.582695            1.357834        59.675670
23649.500687            1.359850        59.745863
23699.411959            1.361857        59.788845
23749.524748            1.363897        59.450728
23799.446257            1.365935        59.540604
23849.556862            1.367904        59.622439
23949.571280            1.371920        59.412891
23999.500141            1.373886        59.185339
24049.406069            1.375785        59.342832
24099.511431            1.377712        59.201230
24149.429253            1.379725        59.448718
24199.525933            1.381902        59.241077
24249.463167            1.383738        59.232185
24299.554887            1.385714        58.973541
24349.469215            1.387596        59.193734
24399.582893            1.389481        58.956160
24449.482504            1.391486        59.215364
24499.417546            1.393271        59.111487
24549.518329            1.395401        58.779554
24599.428260            1.397314        59.003674
24699.458541            1.401163        58.824521
24749.566901            1.402920        58.619101
24799.477080            1.404740        58.808500
24849.390100            1.406719        58.834608
24899.495200            1.408573        58.574066
24949.417923            1.410292        58.660787
24999.525116            1.412175        58.687394
25049.434123            1.414216        58.457413
25099.544394            1.416085        58.552714
25149.453476            1.417894        58.546455
25199.379949            1.419815        58.332745
25249.478742            1.421714        58.306012
25299.394905            1.423509        58.326660
25349.502450            1.425183        58.227719
25399.420751            1.427008        58.107131
25449.536771            1.428722        58.037348
25499.447238            1.430560        58.318624
25549.542053            1.432426        58.066118
25599.461832            1.434199        58.302399
25649.392322            1.435845        58.262272
25699.490013            1.437744        57.788018
25749.406968            1.439402        57.954356
25799.513448            1.441136        57.964824
25849.418480            1.443083        57.994529
25899.532394            1.444690        58.108102
25949.442159            1.446547        57.941048
25999.379394            1.448154        57.460919
26049.470564            1.449847        57.590792
26149.494224            1.453323        57.872228
26199.398903            1.455130        57.716402
26249.514112            1.456903        57.553480
26299.426258            1.458540        57.570191
26349.350390            1.460251        57.546882
26399.444964            1.461929        57.523705
26449.382530            1.463555        57.390448
26499.491060            1.465345        57.475777
26549.391014            1.466869        57.304012
26599.502729            1.468703        57.572850
26649.417723            1.470236        57.415958
26699.511439            1.471876        57.277163
26749.439771            1.473472        57.390728
26799.360771            1.475148        57.155586
26849.457811            1.476806        57.071074
26949.483935            1.480190        57.102927
26999.400762            1.481868        57.293181
27049.503575            1.483464        57.022776
27099.421324            1.484927        56.897025
27149.338831            1.486585        56.884214
27199.446419            1.488189        57.013600
27249.352382            1.489750        56.852517
27299.469145            1.491269        56.822660
27349.378934            1.492875        56.767195
27399.483930            1.494506        56.931266
27449.408723            1.496175        56.981921
27499.518499            1.497644        57.075171
27549.427843            1.499423        56.670521
27599.341081            1.500871        56.705327
27649.450871            1.502448        56.908801
27699.367247            1.503921        56.534226
27749.461544            1.505541        56.650214
27799.394529            1.507060        56.501044
27849.494991            1.508542        56.719425
27899.410815            1.510082        56.454304
27949.333173            1.511559        56.626600
28049.339586            1.514721        56.532783
28099.449089            1.516146        56.279159
28149.374781            1.517611        56.128096
28199.470389            1.519144        56.196510
28249.399276            1.520643        56.356182
28299.313902            1.522091        56.470596
28349.426807            1.523637        56.127557
28449.436748            1.526704        56.317332
28499.354673            1.528094        56.170474
28549.462825            1.529566        55.886943
28599.378926            1.531052        56.280551
28649.488911            1.532513        56.041981
28699.405041            1.533966        56.259296
28749.318334            1.535397        55.922409
28799.418474            1.536856        56.169117
28849.342185            1.538486        55.952155
28899.439132            1.539742        55.944239
28949.363893            1.541213        55.724196
28999.469389            1.542650        55.656118
29049.383766            1.544015        55.664231
29099.306913            1.545410        55.581126
29199.323957            1.548393        55.806592
29249.422051            1.549780        55.697281
29299.333770            1.551121        55.441177
29349.455217            1.552639        55.758337
29399.364600            1.553979        55.889812
29449.286549            1.555381        55.559502
29499.390520            1.556694        55.512604
29599.416203            1.559438        55.809484
29649.331580            1.560902        55.631518
29699.433917            1.562270        55.479852
29749.344316            1.563702        55.586016
29799.454104            1.564980        55.415155
29849.369567            1.566426        55.098398
29899.287610            1.567616        55.271980
29949.408526            1.569118        55.434791
29999.333007            1.570232        55.299901
30049.420971            1.571731        55.227941
30099.333831            1.573031        55.341338
30149.434908            1.574410        55.290328