      0.021             178569.032585819
      0.021001             178576.763665507
      0.021002             178584.496828313
      0.021003             178592.232073933
      0.021004             178599.969402065
      0.021005             178607.708812405
      0.021006             178615.450304651
      0.021007             178623.193878499
      0.021008             178630.939533648
       0.021009             178638.687269793
       0.02101             178646.437086633
       0.021011             178654.188983865
       0.021012             178661.942961186
       0.021013             178669.699018293
       0.021014             178677.457154885
       0.021015             178685.217370658
       0.021016             178692.97966531
       0.021017             178700.744038538
       0.021018             178708.510490041
       0.021019             178716.279019517
       0.02102             178724.049626662
       0.021021             178731.822311174
       0.021022             178739.597072753
       0.021023             178747.373911094
       0.021024             178755.152825897
       0.021025             178762.933816859
       0.021026             178770.716883678
       0.021027             178778.502026053
       0.021028             178786.289243682
       0.021029             178794.078536262
       0.02103             178801.869903492
       0.021031             178809.66334507
       0.021032             178817.458860695
       0.021033             178825.256450065
       0.021034             178833.056112878
       0.021035             178840.857848833
       0.021036             178848.661657628
       0.021037             178856.467538962
       0.021038             178864.275492534
       0.021039             178872.085518041
       0.02104             178879.897615183
       0.021041             178887.711783659
       0.021042             178895.528023167
       0.021043             178903.346333407
       0.021044             178911.166714076
       0.021045             178918.989164874
       0.021046             178926.813685501
       0.021047             178934.640275654
       0.021048             178942.468935033
       0.021049             178950.299663338
       0.02105             178958.132460266
       0.021051             178965.967325519
       0.021052             178973.804258794
       0.021053             178981.643259791
       0.021054             178989.484328209
       0.021055             178997.327463749
       0.021056             179005.172666109
       0.021057             179013.019934988
       0.021058             179020.869270087
       0.021059             179028.720671105
       0.02106             179036.574137741
       0.021061             179044.429669696
       0.021062             179052.287266668
       0.021063             179060.146928359
       0.021064             179068.008654466
       0.021065             179075.872444692
       0.021066             179083.738298734
       0.021067             179091.606216294
       0.021068             179099.476197071
       0.021069             179107.348240766
       0.02107             179115.222347078
       0.021071             179123.098515707
       0.021072             179130.976746355
       0.021073             179138.85703872
       0.021074             179146.739392504
       0.021075             179154.623807406
       0.021076             179162.510283128
       0.021077             179170.398819369
       0.021078             179178.28941583
       0.021079             179186.182072211
       0.02108             179194.076788213
       0.021081             164316.882534235
       0.021082             164324.292160493
       0.021083             164331.703868677
       0.021084             164339.117658487
       0.021085             164346.533529619
       0.021086             164353.951481772
       0.021087             164361.371514645
       0.021088             164368.793627934
       0.021089             164376.217821339
       0.02109             164383.644094558
       0.021091             164391.072447289
       0.021092             164398.502879231
       0.021093             164405.935390082
       0.021094             164413.369979539
       0.021095             164420.806647303
       0.021096             164428.245393072
       0.021097             164435.686216543
       0.021098             164443.129117417
        0.021099             164450.57409539
        0.0211             164458.021150163
        0.021101             164465.470281434
        0.021102             164472.921488902
        0.021103             164480.374772266
        0.021104             164487.830131225
        0.021105             164495.287565477
        0.021106             164502.747074722
        0.021107             164510.208658659
        0.021108             164517.672316987
        0.021109             164525.138049405
        0.02111             164532.605855612
        0.021111             164540.075735308
        0.021112             164547.547688192
        0.021113             164555.021713963
        0.021114             164562.497812321
        0.021115             164569.975982966
        0.021116             164577.456225596
        0.021117             164584.938539911
        0.021118             164592.422925611
        0.021119             164599.909382396
        0.02112             164607.397909965
        0.021121             164614.888508018
        0.021122             164622.381176254
        0.021123             164629.875914374
        0.021124             164637.372722078
        0.021125             164644.871599065
        0.021126             164652.372545035
        0.021127             164659.875559689
        0.021128             164667.380642726
        0.021129             164674.887793847
        0.02113             164682.397012751
        0.021131             164689.908299139
        0.021132             164697.421652711
        0.021133             164704.937073168
        0.021134             164712.45456021
        0.021135             164719.974113537
        0.021136             164727.495732849
        0.021137             164735.019417848
        0.021138             164742.545168233
        0.021139             164750.072983706
        0.02114             164757.602863966
        0.021141             164765.134808715
        0.021142             164772.668817653
        0.021143             164780.204890481
        0.021144             164787.7430269
        0.021145             164795.283226611
        0.021146             164802.825489314
        0.021147             164810.369814711
        0.021148             164817.916202502
        0.021149             164825.464652389
        0.02115             164833.015164073
        0.021151             164840.567737255
        0.021152             164848.122371635
        0.021153             164855.679066916
        0.021154             164863.237822798
        0.021155             164870.798638983
        0.021156             164878.361515172
        0.021157             164885.926451067
        0.021158             164893.493446369
        0.021159             164901.062500779
        0.02116             164908.633614
        0.021161             164916.206785732
        0.021162             164923.782015678
        0.021163             164931.359303539
        0.021164             164938.938649016
        0.021165             164946.520051813
        0.021166             164954.103511629
        0.021167             164961.689028168
        0.021168             164969.276601132
        0.021169             164976.866230221
        0.02117             164984.457915139
        0.021171             164992.051655587
        0.021172             164999.647451267
        0.021173             165007.245301882
        0.021174             165014.845207134
        0.021175             165022.447166725
        0.021176             165030.051180357
        0.021177             165037.657247733
        0.021178             165045.265368555
        0.021179             165052.875542525
        0.02118             165060.487769346
        0.021181             165068.102048721
        0.021182             165075.718380352
        0.021183             165083.336763941
        0.021184             165090.957199192
        0.021185             165098.579685807
        0.021186             165106.204223489
        0.021187             165113.83081194
        0.021188             165121.459450864
        0.021189             165129.090139963
        0.02119             165136.722878941
        0.021191             165144.3576675
        0.021192             165151.994505343
        0.021193             165159.633392173
        0.021194             165167.274327694
        0.021195             165174.917311609
        0.021196             165182.562343621
        0.021197             165190.209423433
        0.021198             165197.858550748
        0.021199             165205.509725271
        0.0212             165213.162946703
        0.021201             165220.818214749
        0.021202             165228.475529113
        0.021203             165236.134889497
        0.021204             165243.796295606
        0.021205             165251.459747142
        0.021206             165259.12524381
        0.021207             165266.792785314
        0.021208             165274.462371356
        0.021209             165282.134001642
        0.02121             165289.807675874
        0.021211             165297.483393758
        0.021212             165305.161154996
        0.021213             165312.840959292
        0.021214             165320.522806351
        0.021215             165328.206695877
        0.021216             165335.892627574
        0.021217             165343.580601147
        0.021218             165351.270616298
        0.021219             165358.962672733
        0.02122             165366.656770157
        0.021221             165374.352908272
        0.021222             151836.919370466
        0.021223             151844.133631237
        0.021224             151851.34995471
        0.021225             151858.568340586
        0.021226             151865.788788569
        0.021227             151873.01129836
        0.021228             151880.23586966
        0.021229             151887.462502172
        0.02123             151894.691195598
        0.021231             151901.92194964
        0.021232             151909.154764
        0.021233             151916.389638381
        0.021234             151923.626572485
        0.021235             151930.865566013
        0.021236             151938.10661867
        0.021237             151945.349730155
        0.021238             151952.594900174
        0.021239             151959.842128426
        0.02124             151967.091414617
        0.021241             151974.342758447
        0.021242             151981.59615962
        0.021243             151988.851617837
        0.021244             151996.109132803
        0.021245             152003.36870422
        0.021246             152010.63033179
        0.021247             152017.894015217
        0.021248             152025.159754203
        0.021249             152032.427548451
        0.02125             152039.697397665
        0.021251             152046.969301547
        0.021252             152054.2432598
        0.021253             152061.519272128
        0.021254             152068.797338234
        0.021255             152076.077457821
        0.021256             152083.359630592
        0.021257             152090.643856251
        0.021258             152097.930134501
        0.021259             152105.218465045
        0.02126             152112.508847587
        0.021261             152119.801281831
        0.021262             152127.095767479
        0.021263             152134.392304236
        0.021264             152141.690891806
        0.021265             152148.991529891
        0.021266             152156.294218196
        0.021267             152163.598956424
        0.021268             152170.90574428
        0.021269             152178.214581467
        0.02127             152185.525467688
        0.021271             152192.838402649
        0.021272             152200.153386053
        0.021273             152207.470417605
        0.021274             152214.789497007
        0.021275             152222.110623965
        0.021276             152229.433798182
        0.021277             152236.759019363
        0.021278             152244.086287213
        0.021279             152251.415601435
        0.02128             152258.746961733
        0.021281             152266.080367813
        0.021282             152273.415819379
        0.021283             152280.753316135
        0.021284             152288.092857786
        0.021285             152295.434444036
        0.021286             152302.77807459
        0.021287             152310.123749153
        0.021288             152317.47146743
        0.021289             152324.821229125
        0.02129             152332.173033943
        0.021291             152339.52688159
        0.021292             152346.882771769
        0.021293             152354.240704186
        0.021294             152361.600678547
        0.021295             152368.962694555
        0.021296             152376.326751917
        0.021297             152383.692850336
        0.021298             152391.06098952
        0.021299             152398.431169172
        0.0213             152405.803388998
        0.021301             152413.177648704
        0.021302             152420.553947995
        0.021303             152427.932286575
        0.021304             152435.312664152
        0.021305             152442.69508043
        0.021306             152450.079535114
        0.021307             152457.466027911
        0.021308             152464.854558527
        0.021309             152472.245126665
        0.02131             152479.637732034
        0.021311             152487.032374338
        0.021312             152494.429053283
        0.021313             152501.827768575
        0.021314             152509.22851992
        0.021315             152516.631307024
        0.021316             152524.036129593
        0.021317             152531.442987333
        0.021318             152538.85187995
        0.021319             152546.262807151
        0.02132             152553.675768641
        0.021321             152561.090764127
        0.021322             152568.507793315
        0.021323             152575.926855912
        0.021324             152583.347951623
        0.021325             152590.771080156
        0.021326             152598.196241216
        0.021327             152605.623434511
        0.021328             152613.052659746
        0.021329             152620.483916629
        0.02133             152627.917204866
        0.021331             152635.352524164
        0.021332             152642.789874229
        0.021333             152650.229254769
        0.021334             152657.67066549
        0.021335             152665.114106099
        0.021336             152672.559576303
        0.021337             152680.007075808
        0.021338             152687.456604323
        0.021339             152694.908161554
        0.02134             152702.361747208
        0.021341             152709.817360992
        0.021342             152717.275002614
        0.021343             152724.734671781
        0.021344             152732.1963682
        0.021345             152739.660091578
        0.021346             152747.125841623
        0.021347             152754.593618042
        0.021348             152762.063420543
        0.021349             152769.535248832
        0.02135             152777.009102619
        0.021351             152784.48498161
        0.021352             152791.962885513
        0.021353             152799.442814036
        0.021354             152806.924766886
        0.021355             152814.408743772
        0.021356             152821.8947444
        0.021357             152829.38276848
        0.021358             152836.872815718
        0.021359             152844.364885823
        0.02136             152851.858978504
        0.021361             152859.355093466
        0.021362             152866.85323042
        0.021363             152874.353389074
        0.021364             141012.332188023
        0.021365             141019.353661294
        0.021366             141026.377177982
        0.021367             141033.402737793
        0.021368             141040.430340431
        0.021369             141047.459985604
        0.02137             141054.491673016
        0.021371             141061.525402374
        0.021372             141068.561173383
        0.021373             141075.59898575
        0.021374             141082.63883918
        0.021375             141089.68073338
        0.021376             141096.724668055
        0.021377             141103.770642912
        0.021378             141110.818657658
        0.021379             141117.868711997
        0.02138             141124.920805637
        0.021381             141131.974938283
        0.021382             141139.031109643
        0.021383             141146.089319422
        0.021384             141153.149567327
        0.021385             141160.211853065
        0.021386             141167.276176341
        0.021387             141174.342536864
        0.021388             141181.410934338
        0.021389             141188.481368472
        0.02139             141195.553838971
        0.021391             141202.628345543
        0.021392             141209.704887893
        0.021393             141216.78346573
        0.021394             141223.86407876
        0.021395             141230.94672669
        0.021396             141238.031409227
        0.021397             141245.118126079
        0.021398             141252.206876951
        0.021399             141259.297661551
        0.0214             141266.390479587
        0.021401             141273.485330765
        0.021402             141280.582214794
        0.021403             141287.681131379
        0.021404             141294.782080229
        0.021405             141301.885061051
        0.021406             141308.990073553
        0.021407             141316.097117442
        0.021408             141323.206192424
        0.021409             141330.317298209
        0.02141             141337.430434504
        0.021411             141344.545601016
        0.021412             141351.662797453
        0.021413             141358.782023523
        0.021414             141365.903278934
        0.021415             141373.026563393
        0.021416             141380.151876608
        0.021417             141387.279218288
        0.021418             141394.40858814
        0.021419             141401.539985873
        0.02142             141408.673411194
        0.021421             141415.808863811
        0.021422             141422.946343434
        0.021423             141430.085849769
        0.021424             141437.227382525
        0.021425             141444.370941411
        0.021426             141451.516526135
        0.021427             141458.664136405
        0.021428             141465.813771929
        0.021429             141472.965432417
        0.02143             141480.119117577
        0.021431             141487.274827117
        0.021432             141494.432560745
        0.021433             141501.592318172
        0.021434             141508.754099104
        0.021435             141515.917903252
        0.021436             141523.083730323
        0.021437             141530.251580027
        0.021438             141537.421452072
        0.021439             141544.593346168
        0.02144             141551.767262023
        0.021441             141558.943199347
        0.021442             141566.121157848
        0.021443             141573.301137236
        0.021444             141580.48313722
        0.021445             141587.667157509
        0.021446             141594.853197812
        0.021447             141602.041257838
        0.021448             141609.231337297
        0.021449             141616.423435899
        0.02145             141623.617553352
        0.021451             141630.813689366
        0.021452             141638.011843651
        0.021453             141645.212015916
        0.021454             141652.414205871
        0.021455             141659.618413225
        0.021456             141666.824637689
        0.021457             141674.032878971
        0.021458             141681.243136782
        0.021459             141688.455410831
        0.02146             141695.669700829
        0.021461             141702.886006485
        0.021462             141710.104327509
        0.021463             141717.324663611
        0.021464             141724.547014502
        0.021465             141731.771379891
        0.021466             141738.997759488
        0.021467             141746.226153004
        0.021468             141753.456560149
        0.021469             141760.688980633
        0.02147             141767.923414167
        0.021471             141775.15986046
        0.021472             141782.398319224
        0.021473             141789.638790168
        0.021474             141796.881273004
        0.021475             141804.125767441
        0.021476             141811.37227319
        0.021477             141818.620789963
        0.021478             141825.871317468
        0.021479             141833.123855419
        0.02148             141840.378403524
        0.021481             141847.634961495
        0.021482             141854.893529043
        0.021483             141862.154105879
        0.021484             141869.416691713
        0.021485             141876.681286256
        0.021486             141883.94788922
        0.021487             141891.216500316
        0.021488             141898.487119254
        0.021489             141905.759745747
        0.02149             141913.034379504
        0.021491             141920.311020238
        0.021492             141927.589667659
        0.021493             141934.87032148
        0.021494             141942.15298141
        0.021495             141949.437647163
        0.021496             141956.724318448
        0.021497             141964.012994979
        0.021498             141971.303676466
        0.021499             141978.59636262
        0.0215             141985.891053154
        0.021501             141993.18774778
        0.021502             142000.486446208
        0.021503             142007.787148151
        0.021504             142015.089853321
        0.021505             142022.394561429
        0.021506             142029.701272188
        0.021507             142037.009985309
        0.021508             132024.753762162
        0.021509             132031.586983116
        0.02151             132038.422227859
        0.021511             132045.259496102
        0.021512             132052.098787554
        0.021513             132058.940101924
        0.021514             132065.783438923
        0.021515             132072.62879826
        0.021516             132079.476179645
        0.021517             132086.325582787
        0.021518             132093.177007397
        0.021519             132100.030453185
        0.02152             132106.88591986
        0.021521             132113.743407132
        0.021522             132120.602914711
        0.021523             132127.464442308
        0.021524             132134.327989632
        0.021525             132141.193556395
        0.021526             132148.061142305
        0.021527             132154.930747073
        0.021528             132161.80237041
        0.021529             132168.676012025
        0.02153             132175.55167163
        0.021531             132182.429348934
        0.021532             132189.309043649
        0.021533             132196.190755484
        0.021534             132203.07448415
        0.021535             132209.960229359
        0.021536             132216.847990819
        0.021537             132223.737768243
        0.021538             132230.629561341
        0.021539             132237.523369823
        0.02154             132244.419193401
        0.021541             132251.317031785
        0.021542             132258.216884687
        0.021543             132265.118751817
        0.021544             132272.022632886
        0.021545             132278.928527605
        0.021546             132285.836435686
        0.021547             132292.74635684
        0.021548             132299.658290777
        0.021549             132306.572237209
        0.02155             132313.488195848
        0.021551             132320.406166404
        0.021552             132327.326148589
        0.021553             132334.248142114
        0.021554             132341.172146691
        0.021555             132348.098162031
        0.021556             132355.026187846
        0.021557             132361.956223848
        0.021558             132368.888269748
        0.021559             132375.822325257
        0.02156             132382.758390088
        0.021561             132389.696463952
        0.021562             132396.63654656
        0.021563             132403.578637626
        0.021564             132410.522736861
        0.021565             132417.468843976
        0.021566             132424.416958683
        0.021567             132431.367080696
        0.021568             132438.319209725
        0.021569             132445.273345483
        0.02157             132452.229487681
        0.021571             132459.187636034
        0.021572             132466.147790251
        0.021573             132473.109950046
        0.021574             132480.074115132
        0.021575             132487.040285219
        0.021576             132494.008460022
        0.021577             132500.978639252
        0.021578             132507.950822622
        0.021579             132514.925009844
        0.02158             132521.901200631
        0.021581             132528.879394696
        0.021582             132535.859591751
        0.021583             132542.841791509
        0.021584             132549.825993682
        0.021585             132556.812197985
        0.021586             132563.800404129
        0.021587             132570.790611827
        0.021588             132577.782820793
        0.021589             132584.777030739
        0.02159             132591.773241378
        0.021591             132598.771452424
        0.021592             132605.771663589
        0.021593             132612.773874587
        0.021594             132619.778085131
        0.021595             132626.784294934
        0.021596             132633.79250371
        0.021597             132640.802711171
        0.021598             132647.814917032
        0.021599             132654.829121006
        0.0216             132661.845322805
        0.021601             132668.863522144
        0.021602             132675.883718737
        0.021603             132682.905912296
        0.021604             132689.930102535
        0.021605             132696.956289169
        0.021606             132703.984471911
        0.021607             132711.014650474
        0.021608             132718.046824573
        0.021609             132725.080993921
        0.02161             132732.117158233
        0.021611             132739.155317222
        0.021612             132746.195470602
        0.021613             132753.237618087
        0.021614             132760.281759392
        0.021615             132767.32789423
        0.021616             132774.376022316
        0.021617             132781.426143363
        0.021618             132788.478257087
        0.021619             132795.532363202
        0.02162             132802.588461421
        0.021621             132809.646551459
        0.021622             132816.706633031
        0.021623             132823.768705851
        0.021624             132830.832769634
        0.021625             132837.898824094
        0.021626             132844.966868946
        0.021627             132852.036903904
        0.021628             132859.108928683
        0.021629             132866.182942999
        0.02163             132873.258946565
        0.021631             132880.336939096
        0.021632             132887.416920308
        0.021633             132894.498889915
        0.021634             132901.582847633
        0.021635             132908.668793176
        0.021636             132915.756726259
        0.021637             132922.846646597
        0.021638             132929.938553906
        0.021639             132937.032447901
        0.02164             132944.128328297
        0.021641             132951.226194809
        0.021642             132958.326047152
        0.021643             132965.427885043
        0.021644             132972.531708195
        0.021645             132979.637516326
        0.021646             132986.745309149
        0.021647             132993.855086381
        0.021648             133000.966847738
        0.021649             133008.080592934
        0.02165             133015.196321686
        0.021651             133022.314033709
        0.021652             133029.433728719
        0.021653             133036.555406432
        0.021654             133043.679066563
        0.021655             124880.883361891
        0.021656             124887.534744853
        0.021657             124894.188131371
        0.021658             124900.843521159
        0.021659             124907.50091393
        0.02166             124914.160309398
        0.021661             124920.821707277
        0.021662             124927.485107279
        0.021663             124934.150509119
        0.021664             124940.81791251
        0.021665             124947.487317167
        0.021666             124954.158722803
        0.021667             124960.832129131
        0.021668             124967.507535867
        0.021669             124974.184942723
        0.02167             124980.864349414
        0.021671             124987.545755653
        0.021672             124994.229161156
        0.021673             125000.914565635
        0.021674             125007.601968805
        0.021675             125014.291370381
        0.021676             125020.982770076
        0.021677             125027.676167605
        0.021678             125034.371562683
        0.021679             125041.068955022
        0.02168             125047.768344339
        0.021681             125054.469730347
        0.021682             125061.173112762
        0.021683             125067.878491296
        0.021684             125074.585865666
        0.021685             125081.295235586
        0.021686             125088.00660077
        0.021687             125094.719960933
        0.021688             125101.43531579
        0.021689             125108.152665056
        0.02169             125114.872008446
        0.021691             125121.593345674
        0.021692             125128.316676456
        0.021693             125135.042000506
        0.021694             125141.769317539
        0.021695             125148.498627271
        0.021696             125155.229929417
        0.021697             125161.963223692
        0.021698             125168.69850981
        0.021699             125175.435787488
        0.0217             125182.175056441
        0.021701             125188.916316383
        0.021702             125195.659567031
        0.021703             125202.404808099
        0.021704             125209.152039304
        0.021705             125215.901260361
        0.021706             125222.652470984
        0.021707             125229.405670891
        0.021708             125236.160859796
        0.021709             125242.918037415
        0.02171             125249.677203464
        0.021711             125256.438357659
        0.021712             125263.201499716
        0.021713             125269.966629349
        0.021714             125276.733746276
        0.021715             125283.502850213
        0.021716             125290.273940874
        0.021717             125297.047017977
        0.021718             125303.822081236
        0.021719             125310.59913037
        0.02172             125317.378165093
        0.021721             125324.159185121
        0.021722             125330.942190172
        0.021723             125337.727179961
        0.021724             125344.514154204
        0.021725             125351.303112619
        0.021726             125358.094054921
        0.021727             125364.886980827
        0.021728             125371.681890053
        0.021729             125378.478782316
        0.02173             125385.277657333
        0.021731             125392.07851482
        0.021732             125398.881354494
        0.021733             125405.686176071
        0.021734             125412.492979269
        0.021735             125419.301763804
        0.021736             125426.112529393
        0.021737             125432.925275753
        0.021738             125439.7400026
        0.021739             125446.556709652
        0.02174             125453.375396627
        0.021741             125460.19606324
        0.021742             125467.018709209
        0.021743             125473.843334251
        0.021744             125480.669938084
        0.021745             125487.498520424
        0.021746             125494.329080989
        0.021747             125501.161619496
        0.021748             125507.996135663
        0.021749             125514.832629206
        0.02175             125521.671099845
        0.021751             125528.511547295
        0.021752             125535.353971274
        0.021753             125542.198371501
        0.021754             125549.044747692
        0.021755             125555.893099565
        0.021756             125562.743426839
        0.021757             125569.59572923
        0.021758             125576.450006457
        0.021759             125583.306258238
        0.02176             125590.164484289
        0.021761             125597.02468433
        0.021762             125603.886858078
        0.021763             125610.751005251
        0.021764             125617.617125568
        0.021765             125624.485218746
        0.021766             125631.355284503
        0.021767             125638.227322558
        0.021768             125645.101332629
        0.021769             125651.977314435
        0.02177             125658.855267692
        0.021771             125665.735192121
        0.021772             125672.617087439
        0.021773             125679.500953364
        0.021774             125686.386789616
        0.021775             125693.274595912
        0.021776             125700.164371971
        0.021777             125707.056117513
        0.021778             125713.949832255
        0.021779             125720.845515916
        0.02178             125727.743168215
        0.021781             125734.642788871
        0.021782             125741.544377602
        0.021783             125748.447934128
        0.021784             125755.353458167
        0.021785             125762.260949438
        0.021786             125769.170407661
        0.021787             125776.081832554
        0.021788             125782.995223836
        0.021789             125789.910581227
        0.02179             125796.827904445
        0.021791             125803.747193211
        0.021792             125810.668447242
        0.021793             125817.591666259
        0.021794             125824.516849981
        0.021795             125831.443998127
        0.021796             125838.373110416
        0.021797             125845.304186569
        0.021798             125852.237226304
        0.021799             125859.172229341
        0.0218             125866.1091954
        0.021801             125873.0481242
        0.021802             125879.989015461
        0.021803             119905.66259847
        0.021804             119912.134405335
        0.021805             119918.608195514
        0.021806             119925.083968722
        0.021807             119931.561724678
        0.021808             119938.041463098
        0.021809             119944.523183701
        0.02181             119951.006886204
        0.021811             119957.492570324
        0.021812             119963.980235779
        0.021813             119970.469882287
        0.021814             119976.961509565
        0.021815             119983.455117332
        0.021816             119989.950705304
        0.021817             119996.4482732
        0.021818             120002.947820738
        0.021819             120009.449347636
        0.02182             120015.952853611
        0.021821             120022.458338381
        0.021822             120028.965801666
        0.021823             120035.475243181
        0.021824             120041.986662647
        0.021825             120048.500059781
        0.021826             120055.0154343
        0.021827             120061.532785925
        0.021828             120068.052114372
        0.021829             120074.57341936
        0.02183             120081.096700608
        0.021831             120087.621957833
        0.021832             120094.149190755
        0.021833             120100.678399092
        0.021834             120107.209582562
        0.021835             120113.742740885
        0.021836             120120.277873778
        0.021837             120126.81498096
        0.021838             120133.354062151
        0.021839             120139.895117069
        0.02184             120146.438145432
        0.021841             120152.98314696
        0.021842             120159.530121371
        0.021843             120166.079068385
        0.021844             120172.62998772
        0.021845             120179.182879096
        0.021846             120185.737742231
        0.021847             120192.294576845
        0.021848             120198.853382656
        0.021849             120205.414159385
        0.02185             120211.97690675
        0.021851             120218.54162447
        0.021852             120225.108312265
        0.021853             120231.676969854
        0.021854             120238.247596957
        0.021855             120244.820193293
        0.021856             120251.394758581
        0.021857             120257.971292542
        0.021858             120264.549794894
        0.021859             120271.130265357
        0.02186             120277.712703652
        0.021861             120284.297109497
        0.021862             120290.883482612
        0.021863             120297.471822718
        0.021864             120304.062129534
        0.021865             120310.65440278
        0.021866             120317.248642175
        0.021867             120323.844847441
        0.021868             120330.443018296
        0.021869             120337.043154461
        0.02187             120343.645255656
        0.021871             120350.249321602
        0.021872             120356.855352017
        0.021873             120363.463346623
        0.021874             120370.07330514
        0.021875             120376.685227287
        0.021876             120383.299112787
        0.021877             120389.914961357
        0.021878             120396.532772721
        0.021879             120403.152546596
        0.02188             120409.774282705
        0.021881             120416.397980768
        0.021882             120423.023640505
        0.021883             120429.651261637
        0.021884             120436.280843885
        0.021885             120442.91238697
        0.021886             120449.545890611
        0.021887             120456.18135453
        0.021888             120462.818778449
        0.021889             120469.458162087
        0.02189             120476.099505165
        0.021891             120482.742807405
        0.021892             120489.388068528
        0.021893             120496.035288255
        0.021894             120502.684466307
        0.021895             120509.335602404
        0.021896             120515.988696269
        0.021897             120522.643747622
        0.021898             120529.300756185
        0.021899             120535.959721679
        0.0219             120542.620643825
        0.021901             120549.283522345
        0.021902             120555.94835696
        0.021903             120562.615147392
        0.021904             120569.283893362
        0.021905             120575.954594592
        0.021906             120582.627250803
        0.021907             120589.301861718
        0.021908             120595.978427057
        0.021909             120602.656946542
        0.02191             120609.337419896
        0.021911             120616.01984684
        0.021912             120622.704227096
        0.021913             120629.390560386
        0.021914             120636.078846432
        0.021915             120642.769084956
        0.021916             120649.461275679
        0.021917             120656.155418324
        0.021918             120662.851512614
        0.021919             120669.549558269
        0.02192             120676.249555013
        0.021921             120682.951502568
        0.021922             120689.655400655
        0.021923             120696.361248998
        0.021924             120703.069047318
        0.021925             120709.778795339
        0.021926             120716.490492782
        0.021927             120723.20413937
        0.021928             120729.919734825
        0.021929             120736.63727887
        0.02193             120743.356771229
        0.021931             120750.078211622
        0.021932             120756.801599774
        0.021933             120763.526935407
        0.021934             120770.254218243
        0.021935             120776.983448006
        0.021936             120783.714624417
        0.021937             120790.447747202
        0.021938             120797.182816081
        0.021939             120803.919830779
        0.02194             120810.658791018
        0.021941             120817.399696521
        0.021942             120824.142547011
        0.021943             120830.887342213
        0.021944             120837.634081848
        0.021945             120844.38276564
        0.021946             120851.133393312
        0.021947             120857.885964588
        0.021948             120864.640479192
        0.021949             120871.396936845
        0.02195             120878.155337273
        0.021951             120884.915680198
        0.021952             117275.98237958
        0.021953             117282.276808683
        0.021954             117288.573200854
        0.021955             117294.871555813
        0.021956             117301.171873282
        0.021957             117307.474152983
        0.021958             117313.778394636
        0.021959             117320.084597962
        0.02196             117326.392762685
        0.021961             117332.702888524
        0.021962             117339.014975201
        0.021963             117345.329022438
        0.021964             117351.645029957
        0.021965             117357.96299748
        0.021966             117364.282924727
        0.021967             117370.60481142
        0.021968             117376.928657283
        0.021969             117383.254462035
        0.02197             117389.5822254
        0.021971             117395.911947098
        0.021972             117402.243626853
        0.021973             117408.577264385
        0.021974             117414.912859417
        0.021975             117421.250411672
        0.021976             117427.58992087
        0.021977             117433.931386735
        0.021978             117440.274808988
        0.021979             117446.620187353
        0.02198             117452.96752155
        0.021981             117459.316811302
        0.021982             117465.668056332
        0.021983             117472.021256363
        0.021984             117478.376411115
        0.021985             117484.733520313
        0.021986             117491.092583679
        0.021987             117497.453600934
        0.021988             117503.816571803
        0.021989             117510.181496007
        0.02199             117516.548373269
        0.021991             117522.917203312
        0.021992             117529.287985858
        0.021993             117535.660720631
        0.021994             117542.035407353
        0.021995             117548.412045748
        0.021996             117554.790635538
        0.021997             117561.171176446
        0.021998             117567.553668195
         0.021999             117573.938110508
         0.022             117580.324503109
         0.022001             117586.712845721
         0.022002             117593.103138066
         0.022003             117599.495379869
         0.022004             117605.889570851
         0.022005             117612.285710738
         0.022006             117618.683799251
         0.022007             117625.083836115
         0.022008             117631.485821052
         0.022009             117637.889753787
         0.02201             117644.295634043
         0.022011             117650.703461544
         0.022012             117657.113236012
         0.022013             117663.524957172
         0.022014             117669.938624748
         0.022015             117676.354238463
         0.022016             117682.771798041
         0.022017             117689.191303205
         0.022018             117695.612753681
         0.022019             117702.036149191
         0.02202             117708.461489459
         0.022021             117714.88877421
         0.022022             117721.318003168
         0.022023             117727.749176056
         0.022024             117734.182292599
         0.022025             117740.617352521
         0.022026             117747.054355546
         0.022027             117753.493301398
         0.022028             117759.934189802
         0.022029             117766.377020482
         0.02203             117772.821793163
         0.022031             117779.268507568
         0.022032             117785.717163422
         0.022033             117792.16776045
         0.022034             117798.620298376
         0.022035             117805.074776925
         0.022036             117811.531195822
         0.022037             117817.98955479
         0.022038             117824.449853556
         0.022039             117830.912091842
         0.02204             117837.376269376
         0.022041             117843.84238588
         0.022042             117850.31044108
         0.022043             117856.780434701
         0.022044             117863.252366468
         0.022045             117869.726236106
         0.022046             117876.20204334
         0.022047             117882.679787894
         0.022048             117889.159469495
         0.022049             117895.641087867
         0.02205             117902.124642735
         0.022051             117908.610133825
         0.022052             117915.097560861
         0.022053             117921.58692357
         0.022054             117928.078221677
         0.022055             117934.571454907
         0.022056             117941.066622985
         0.022057             117947.563725637
         0.022058             117954.062762588
         0.022059             117960.563733565
         0.02206             117967.066638292
         0.022061             117973.571476495
         0.022062             117980.078247901
         0.022063             117986.586952234
         0.022064             117993.09758922
         0.022065             117999.610158586
         0.022066             118006.124660057
         0.022067             118012.641093359
         0.022068             118019.159458218
         0.022069             118025.679754361
         0.02207             118032.201981512
         0.022071             118038.726139398
         0.022072             118045.252227745
         0.022073             118051.78024628
         0.022074             118058.310194728
         0.022075             118064.842072816
         0.022076             118071.37588027
         0.022077             118077.911616816
         0.022078             118084.449282181
         0.022079             118090.988876091
         0.02208             118097.530398272
         0.022081             118104.073848451
         0.022082             118110.619226355
         0.022083             118117.16653171
         0.022084             118123.715764243
         0.022085             118130.26692368
         0.022086             118136.820009747
         0.022087             118143.375022173
         0.022088             118149.931960683
         0.022089             118156.490825004
         0.02209             118163.051614863
         0.022091             118169.614329987
         0.022092             118176.178970104
         0.022093             118182.745534939
         0.022094             118189.31402422
         0.022095             118195.884437673
         0.022096             118202.456775027
         0.022097             118209.031036008
         0.022098             118215.607220344
         0.022099             118222.185327761
         0.0221             118228.765357986
         0.022101             118235.347310748
         0.022102             118241.931185773
         0.022103             118248.51698279
         0.022104             118255.104701524
         0.022105             118261.694341704
         0.022106             116968.666545075
         0.022107             116974.793502084
         0.022108             116980.922400823
         0.022109             116987.053241018
         0.02211             116993.186022393
         0.022111             116999.320744673
         0.022112             117005.457407585
         0.022113             117011.596010854
         0.022114             117017.736554204
         0.022115             117023.879037363
         0.022116             117030.023460054
         0.022117             117036.169822004
         0.022118             117042.318122938
         0.022119             117048.468362582
         0.02212             117054.620540661
         0.022121             117060.774656902
         0.022122             117066.93071103
         0.022123             117073.088702771
         0.022124             117079.24863185
         0.022125             117085.410497995
         0.022126             117091.57430093
         0.022127             117097.740040381
         0.022128             117103.907716075
         0.022129             117110.077327738
         0.02213             117116.248875095
         0.022131             117122.422357874
         0.022132             117128.597775799
         0.022133             117134.775128598
         0.022134             117140.954415997
         0.022135             117147.135637721
         0.022136             117153.318793498
         0.022137             117159.503883053
         0.022138             117165.690906113
         0.022139             117171.879862405
         0.02214             117178.070751655
         0.022141             117184.26357359
         0.022142             117190.458327935
         0.022143             117196.655014419
         0.022144             117202.853632767
         0.022145             117209.054182707
         0.022146             117215.256663964
         0.022147             117221.461076266
         0.022148             117227.66741934
         0.022149             117233.875692913
         0.02215             117240.085896711
         0.022151             117246.298030461
         0.022152             117252.512093891
         0.022153             117258.728086727
         0.022154             117264.946008697
         0.022155             117271.165859528
         0.022156             117277.387638946
         0.022157             117283.61134668
         0.022158             117289.836982456
         0.022159             117296.064546001
         0.02216             117302.294037044
         0.022161             117308.525455311
         0.022162             117314.758800529
         0.022163             117320.994072427
         0.022164             117327.231270732
         0.022165             117333.470395171
         0.022166             117339.711445472
         0.022167             117345.954421362
         0.022168             117352.199322569
         0.022169             117358.446148821
         0.02217             117364.694899846
         0.022171             117370.945575371
         0.022172             117377.198175124
         0.022173             117383.452698833
         0.022174             117389.709146227
         0.022175             117395.967517032
         0.022176             117402.227810977
         0.022177             117408.49002779
         0.022178             117414.754167199
         0.022179             117421.020228932
         0.02218             117427.288212717
         0.022181             117433.558118283
         0.022182             117439.829945357
         0.022183             117446.103693668
         0.022184             117452.379362945
         0.022185             117458.656952915
         0.022186             117464.936463307
         0.022187             117471.21789385
         0.022188             117477.501244272
         0.022189             117483.786514301
         0.02219             117490.073703666
         0.022191             117496.362812095
         0.022192             117502.653839318
         0.022193             117508.946785063
         0.022194             117515.241649059
         0.022195             117521.538431033
         0.022196             117527.837130716
         0.022197             117534.137747837
         0.022198             117540.440282123
         0.022199             117546.744733303
         0.0222             117553.051101108
         0.022201             117559.359385266
         0.022202             117565.669585505
         0.022203             117571.981701556
         0.022204             117578.295733146
         0.022205             117584.611680006
         0.022206             117590.929541864
         0.022207             117597.24931845
         0.022208             117603.571009493
         0.022209             117609.894614722
         0.02221             117616.220133867
         0.022211             117622.547566657
         0.022212             117628.876912822
         0.022213             117635.20817209
         0.022214             117641.541344193
         0.022215             117647.876428858
         0.022216             117654.213425816
         0.022217             117660.552334797
         0.022218             117666.89315553
         0.022219             117673.235887744
         0.02222             117679.580531171
         0.022221             117685.927085538
         0.022222             117692.275550577
         0.022223             117698.625926018
         0.022224             117704.978211589
         0.022225             117711.332407022
         0.022226             117717.688512045
         0.022227             117724.04652639
         0.022228             117730.406449786
         0.022229             117736.768281964
         0.02223             117743.132022653
         0.022231             117749.497671584
         0.022232             117755.865228487
         0.022233             117762.234693093
         0.022234             117768.606065131
         0.022235             117774.979344333
         0.022236             117781.354530428
         0.022237             117787.731623147
         0.022238             117794.11062222
         0.022239             117800.491527379
         0.02224             117806.874338353
         0.022241             117813.259054873
         0.022242             117819.645676671
         0.022243             117826.034203476
         0.022244             117832.424635019
         0.022245             117838.816971032
         0.022246             117845.211211244
         0.022247             117851.607355388
         0.022248             117858.005403193
         0.022249             117864.405354391
         0.02225             117870.807208712
         0.022251             117877.210965888
         0.022252             117883.61662565
         0.022253             117890.024187729
         0.022254             117896.433651856
         0.022255             117902.845017762
         0.022256             117909.258285179
         0.022257             117915.673453837
         0.022258             117922.090523468
         0.022259             117928.509493804
         0.02226             117934.930364575
         0.022261             117941.353135514
         0.022262             117947.777806351
         0.022263             117954.204376818
         0.022264             117960.632846647
         0.022265             117967.06321557
         0.022266             117973.495483317
         0.022267             117979.929649621
         0.022268             117986.365714213
         0.022269             117992.803676825
         0.02227             117999.24353719
         0.022271             118005.685295037
         0.022272             118012.128950101
         0.022273             118018.574502111
         0.022274             118025.021950801
         0.022275             118031.471295903
         0.022276             118037.922537148
         0.022277             118044.375674268
         0.022278             118050.830706996
         0.022279             118057.287635064
         0.02228             118063.746458204
         0.022281             118070.207176147
         0.022282             118076.669788628
         0.022283             118083.134295377
         0.022284             118089.600696127
         0.022285             118096.06899061
         0.022286             118102.53917856
         0.022287             118109.011259708
         0.022288             118115.485233786
         0.022289             118121.961100528
         0.02229             118128.438859667
         0.022291             118134.918510933
         0.022292             118141.400054062
         0.022293             118147.883488784
         0.022294             118154.368814833
         0.022295             118160.856031941
         0.022296             118167.345139842
         0.022297             118173.836138268
         0.022298             118180.329026953
         0.022299             118186.823805628
         0.0223             118193.320474028
         0.022301             118199.819031884
         0.022302             118206.319478931
         0.022303             118212.821814902
         0.022304             118219.326039528
         0.022305             118225.832152545
         0.022306             118232.340153684
         0.022307             118238.850042679
         0.022308             118245.361819264
         0.022309             118251.875483171
         0.02231             118258.391034135
         0.022311             118264.908471889
         0.022312             118271.427796165
         0.022313             118277.949006698
         0.022314             118284.472103221
         0.022315             118290.997085468
         0.022316             118297.523953172
         0.022317             118304.052706067
         0.022318             118310.583343887
         0.022319             118317.115866365
         0.02232             118323.650273236
         0.022321             118330.186564232
         0.022322             118336.724739089
         0.022323             118343.264797539
         0.022324             118349.806739317
         0.022325             118356.350564157
         0.022326             118362.896271792
         0.022327             118369.443861958
         0.022328             118375.993334387
         0.022329             118382.544688814
         0.02233             118389.097924974
         0.022331             118395.6530426
         0.022332             118402.210041427
         0.022333             118408.768921188
         0.022334             118415.32968162
         0.022335             118421.892322454
         0.022336             118428.456843427
         0.022337             118435.023244273
         0.022338             118441.591524726
         0.022339             118448.16168452
         0.02234             118454.733723391
         0.022341             118461.307641072
         0.022342             118467.883437299
         0.022343             118474.461111806
         0.022344             118481.040664329
         0.022345             118487.6220946
         0.022346             118494.205402357
         0.022347             118500.790587332
         0.022348             118507.377649262
         0.022349             118513.966587881
         0.02235             118520.557402924
         0.022351             118527.150094127
         0.022352             118533.744661224
         0.022353             118540.341103949
         0.022354             118546.93942204
         0.022355             118553.53961523
         0.022356             118560.141683255
         0.022357             118566.74562585
         0.022358             118573.35144275
         0.022359             118579.959133691
         0.02236             118586.568698408
         0.022361             118593.180136636
         0.022362             118599.793448111
         0.022363             118606.408632569
         0.022364             118613.025689745
         0.022365             118619.644619374
         0.022366             118626.265421192
         0.022367             118632.888094935
         0.022368             118639.512640338
         0.022369             118646.139057137
         0.02237             118652.767345068
         0.022371             118659.397503867
         0.022372             118666.02953327
         0.022373             118672.663433011
         0.022374             118679.299202828
         0.022375             118685.936842457
         0.022376             118692.576351632
         0.022377             118699.217730091
         0.022378             118705.860977569
         0.022379             118712.506093803
         0.02238             118719.153078528
         0.022381             118725.801931481
         0.022382             118732.452652399
         0.022383             118739.105241016
         0.022384             118745.75969707
         0.022385             118752.416020297
         0.022386             118759.074210434
         0.022387             118765.734267216
         0.022388             118772.396190381
         0.022389             118779.059979664
         0.02239             118785.725634803
         0.022391             118792.393155533
         0.022392             118799.062541592
         0.022393             118805.733792716
         0.022394             118812.406908642
         0.022395             118819.081889107
         0.022396             118825.758733847
         0.022397             118832.4374426
         0.022398             118839.118015101
         0.022399             118845.800451089
         0.0224             118852.484750299
         0.022401             118859.170912469
         0.022402             118865.858937336
         0.022403             118872.548824637
         0.022404             118879.24057411
         0.022405             118885.93418549
         0.022406             118892.629658516
         0.022407             118899.326992924
         0.022408             118906.026188452
         0.022409             118912.727244837
         0.02241             118919.430161817
         0.022411             118926.134939128
         0.022412             118932.841576509
         0.022413             118939.550073696
         0.022414             118946.260430428
         0.022415             118952.972646441
         0.022416             118959.686721473
         0.022417             122449.778973195
         0.022418             122456.036712381
         0.022419             122462.296330319
         0.02242             122468.557826746
         0.022421             122474.821201396
         0.022422             122481.086454005
         0.022423             122487.353584309
         0.022424             122493.622592043
         0.022425             122499.893476943
         0.022426             122506.166238744
         0.022427             122512.440877183
         0.022428             122518.717391994
         0.022429             122524.995782914
         0.02243             122531.276049679
         0.022431             122537.558192024
         0.022432             122543.842209686
         0.022433             122550.128102399
         0.022434             122556.415869901
         0.022435             122562.705511927
         0.022436             122568.997028214
         0.022437             122575.290418497
         0.022438             122581.585682512
         0.022439             122587.882819996
         0.02244             122594.181830685
         0.022441             122600.482714315
         0.022442             122606.785470623
         0.022443             122613.090099344
         0.022444             122619.396600216
         0.022445             122625.704972974
         0.022446             122632.015217355
         0.022447             122638.327333096
         0.022448             122644.641319933
         0.022449             122650.957177602
         0.02245             122657.274905841
         0.022451             122663.594504385
         0.022452             122669.915972972
         0.022453             122676.239311339
         0.022454             122682.564519221
         0.022455             122688.891596356
         0.022456             122695.220542481
         0.022457             122701.551357333
         0.022458             122707.884040648
         0.022459             122714.218592163
         0.02246             122720.555011616
         0.022461             122726.893298743
         0.022462             122733.233453282
         0.022463             122739.57547497
         0.022464             122745.919363543
         0.022465             122752.265118739
         0.022466             122758.612740296
         0.022467             122764.96222795
         0.022468             122771.313581439
         0.022469             122777.6668005
         0.02247             122784.021884871
         0.022471             122790.378834289
         0.022472             122796.737648491
         0.022473             122803.098327215
         0.022474             122809.460870198
         0.022475             122815.825277179
         0.022476             122822.191547894
         0.022477             122828.559682082
         0.022478             122834.92967948
         0.022479             122841.301539825
         0.02248             122847.675262856
         0.022481             122854.050848311
         0.022482             122860.428295927
         0.022483             122866.807605441
         0.022484             122873.188776593
         0.022485             122879.57180912
         0.022486             122885.95670276
         0.022487             122892.343457251
         0.022488             122898.732072332
         0.022489             122905.122547739
         0.02249             122911.514883213
         0.022491             122917.909078489
         0.022492             122924.305133308
         0.022493             122930.703047407
         0.022494             122937.102820525
         0.022495             122943.504452399
         0.022496             122949.907942769
         0.022497             122956.313291372
         0.022498             122962.720497948
         0.022499             122969.129562234
         0.0225             122975.540483969
         0.022501             122981.953262893
         0.022502             122988.367898743
         0.022503             122994.784391258
         0.022504             123001.202740177
         0.022505             123007.622945238
         0.022506             123014.045006181
         0.022507             123020.468922745
         0.022508             123026.894694667
         0.022509             123033.322321687
         0.02251             123039.751803544
         0.022511             123046.183139978
         0.022512             123052.616330726
         0.022513             123059.051375528
         0.022514             123065.488274123
         0.022515             123071.92702625
         0.022516             123078.367631649
         0.022517             123084.810090058
         0.022518             123091.254401218
         0.022519             123097.700564866
         0.02252             123104.148580743
         0.022521             123110.598448588
         0.022522             123117.050168139
         0.022523             123123.503739138
         0.022524             123129.959161323
         0.022525             123136.416434433
         0.022526             123142.875558209
         0.022527             123149.33653239
         0.022528             123155.799356715
         0.022529             123162.264030924
         0.02253             123168.730554757
         0.022531             123175.198927954
         0.022532             123181.669150254
         0.022533             123188.141221397
         0.022534             123194.615141124
         0.022535             123201.090909173
         0.022536             123207.568525285
         0.022537             123214.047989201
         0.022538             123220.529300659
         0.022539             123227.0124594
         0.02254             123233.497465165
         0.022541             123239.984317693
         0.022542             123246.473016724
         0.022543             123252.963561999
         0.022544             123259.455953257
         0.022545             123265.95019024
         0.022546             123272.446272687
         0.022547             123278.94420034
         0.022548             123285.443972937
         0.022549             123291.945590221
         0.02255             123298.44905193
         0.022551             123304.954357806
         0.022552             123311.46150759
         0.022553             123317.970501022
         0.022554             123324.481337842
         0.022555             123330.994017791
         0.022556             123337.50854061
         0.022557             123344.02490604
         0.022558             123350.543113821
         0.022559             123357.063163695
         0.02256             123363.585055401
         0.022561             123370.108788682
         0.022562             123376.634363278
         0.022563             123383.16177893
         0.022564             123389.691035379
         0.022565             123396.222132365
         0.022566             123402.755069631
         0.022567             123409.289846918
         0.022568             123415.826463966
         0.022569             123422.364920516
         0.02257             123428.905216311
         0.022571             123435.44735109
         0.022572             123441.991324596
         0.022573             123448.537136571
         0.022574             123455.084786754
         0.022575             123461.634274888
         0.022576             129177.505492107
         0.022577             129183.601842295
         0.022578             129189.700049891
         0.022579             129195.800114635
         0.02258             129201.902036265
         0.022581             129208.005814522
         0.022582             129214.111449144
         0.022583             129220.218939871
         0.022584             129226.328286442
         0.022585             129232.439488598
         0.022586             129238.552546078
         0.022587             129244.667458621
         0.022588             129250.784225968
         0.022589             129256.902847857
         0.02259             129263.023324029
         0.022591             129269.145654224
         0.022592             129275.269838181
         0.022593             129281.39587564
         0.022594             129287.523766342
         0.022595             129293.653510026
         0.022596             129299.785106431
         0.022597             129305.9185553
         0.022598             129312.05385637
         0.022599             129318.191009383
         0.0226             129324.330014079
         0.022601             129330.470870197
         0.022602             129336.613577479
         0.022603             129342.758135663
         0.022604             129348.904544492
         0.022605             129355.052803704
         0.022606             129361.202913041
         0.022607             129367.354872243
         0.022608             129373.50868105
         0.022609             129379.664339202
         0.02261             129385.821846441
         0.022611             129391.981202507
         0.022612             129398.142407141
         0.022613             129404.305460083
         0.022614             129410.470361073
         0.022615             129416.637109854
         0.022616             129422.805706164
         0.022617             129428.976149746
         0.022618             129435.14844034
         0.022619             129441.322577687
         0.02262             129447.498561528
         0.022621             129453.676391604
         0.022622             129459.856067656
         0.022623             129466.037589424
         0.022624             129472.220956651
         0.022625             129478.406169077
         0.022626             129484.593226443
         0.022627             129490.78212849
         0.022628             129496.97287496
         0.022629             129503.165465595
         0.02263             129509.359900134
         0.022631             129515.55617832
         0.022632             129521.754299894
         0.022633             129527.954264598
         0.022634             129534.156072172
         0.022635             129540.359722359
         0.022636             129546.5652149
         0.022637             129552.772549537
         0.022638             129558.981726011
         0.022639             129565.192744063
         0.02264             129571.405603436
         0.022641             129577.620303871
         0.022642             129583.83684511
         0.022643             129590.055226895
         0.022644             129596.275448968
         0.022645             129602.49751107
         0.022646             129608.721412944
         0.022647             129614.947154331
         0.022648             129621.174734974
         0.022649             129627.404154614
         0.02265             129633.635412993
         0.022651             129639.868509854
         0.022652             129646.103444939
         0.022653             129652.34021799
         0.022654             129658.578828749
         0.022655             129664.819276959
         0.022656             129671.061562361
         0.022657             129677.305684699
         0.022658             129683.551643714
         0.022659             129689.799439149
         0.02266             129696.049070746
         0.022661             129702.300538248
         0.022662             129708.553841397
         0.022663             129714.808979937
         0.022664             129721.065953609
         0.022665             129727.324762156
         0.022666             129733.585405321
         0.022667             129739.847882847
         0.022668             129746.112194476
         0.022669             129752.378339951
         0.02267             129758.646319015
         0.022671             129764.916131411
         0.022672             129771.187776882
         0.022673             129777.46125517
         0.022674             129783.73656602
         0.022675             129790.013709173
         0.022676             129796.292684372
         0.022677             129802.573491362
         0.022678             129808.856129885
         0.022679             129815.140599683
         0.02268             129821.426900502
         0.022681             129827.715032083
         0.022682             129834.004994169
         0.022683             129840.296786505
         0.022684             129846.590408834
         0.022685             129852.885860899
         0.022686             129859.183142443
         0.022687             129865.482253211
         0.022688             129871.783192944
         0.022689             129878.085961388
         0.02269             129884.390558285
         0.022691             129890.69698338
         0.022692             129897.005236415
         0.022693             129903.315317136
         0.022694             129909.627225284
         0.022695             129915.940960605
         0.022696             129922.256522841
         0.022697             129928.573911737
         0.022698             129934.893127038
         0.022699             129941.214168485
         0.0227             129947.537035824
         0.022701             129953.861728799
         0.022702             129960.188247154
         0.022703             129966.516590632
         0.022704             129972.846758978
         0.022705             129979.178751936
         0.022706             129985.512569251
         0.022707             129991.848210665
         0.022708             129998.185675925
         0.022709             130004.524964773
         0.02271             130010.866076955
         0.022711             130017.209012215
         0.022712             130023.553770296
         0.022713             130029.900350945
         0.022714             130036.248753904
         0.022715             130042.598978919
         0.022716             130048.951025734
         0.022717             130055.304894095
         0.022718             130061.660583744
         0.022719             130068.018094428
         0.02272             130074.37742589
         0.022721             130080.738577877
         0.022722             130087.101550131
         0.022723             130093.466342399
         0.022724             130099.832954425
         0.022725             130106.201385954
         0.022726             130112.571636731
         0.022727             130118.943706501
         0.022728             130125.31759501
         0.022729             130131.693302001
         0.02273             130138.07082722
         0.022731             130144.450170412
         0.022732             130150.831331323
         0.022733             130157.214309698
         0.022734             130163.599105282
         0.022735             130169.985717819
         0.022736             130176.374147057
         0.022737             138005.123910659
         0.022738             138011.062394068
         0.022739             138017.002713359
         0.02274             138022.944868277
         0.022741             138028.888858564
         0.022742             138034.834683963
         0.022743             138040.782344218
         0.022744             138046.731839073
         0.022745             138052.683168271
         0.022746             138058.636331555
         0.022747             138064.59132867
         0.022748             138070.548159358
         0.022749             138076.506823363
         0.02275             138082.467320428
         0.022751             138088.429650299
         0.022752             138094.393812718
         0.022753             138100.359807428
         0.022754             138106.327634175
         0.022755             138112.297292701
         0.022756             138118.268782751
         0.022757             138124.242104068
         0.022758             138130.217256397
         0.022759             138136.194239481
         0.02276             138142.173053065
         0.022761             138148.153696892
         0.022762             138154.136170707
         0.022763             138160.120474254
         0.022764             138166.106607277
         0.022765             138172.09456952
         0.022766             138178.084360727
         0.022767             138184.075980643
         0.022768             138190.069429013
         0.022769             138196.064705579
         0.02277             138202.061810088
         0.022771             138208.060742283
         0.022772             138214.061501908
         0.022773             138220.06408871
         0.022774             138226.06850243
         0.022775             138232.074742816
         0.022776             138238.08280961
         0.022777             138244.092702559
         0.022778             138250.104421406
         0.022779             138256.117965896
         0.02278             138262.133335774
         0.022781             138268.150530785
         0.022782             138274.169550673
         0.022783             138280.190395185
         0.022784             138286.213064064
         0.022785             138292.237557055
         0.022786             138298.263873904
         0.022787             138304.292014355
         0.022788             138310.321978154
         0.022789             138316.353765046
         0.02279             138322.387374776
         0.022791             138328.422807089
         0.022792             138334.46006173
         0.022793             138340.499138445
         0.022794             138346.540036979
         0.022795             138352.582757077
         0.022796             138358.627298485
         0.022797             138364.673660948
         0.022798             138370.721844212
         0.022799             138376.771848021
         0.0228             138382.823672123
         0.022801             138388.877316261
         0.022802             138394.932780182
         0.022803             138400.990063632
         0.022804             138407.049166355
         0.022805             138413.110088099
         0.022806             138419.172828608
         0.022807             138425.237387628
         0.022808             138431.303764906
         0.022809             138437.371960187
         0.02281             138443.441973216
         0.022811             138449.513803741
         0.022812             138455.587451506
         0.022813             138461.662916259
         0.022814             138467.740197744
         0.022815             138473.819295709
         0.022816             138479.900209898
         0.022817             138485.982940059
         0.022818             138492.067485938
         0.022819             138498.15384728
         0.02282             138504.242023833
         0.022821             138510.332015342
         0.022822             138516.423821554
         0.022823             138522.517442214
         0.022824             138528.612877071
         0.022825             138534.710125869
         0.022826             138540.809188356
         0.022827             138546.910064279
         0.022828             138553.012753382
         0.022829             138559.117255414
         0.02283             138565.223570122
         0.022831             138571.33169725
         0.022832             138577.441636547
         0.022833             138583.553387759
         0.022834             138589.666950634
         0.022835             138595.782324916
         0.022836             138601.899510355
         0.022837             138608.018506696
         0.022838             138614.139313686
         0.022839             138620.261931073
         0.02284             138626.386358604
         0.022841             138632.512596025
         0.022842             138638.640643084
         0.022843             138644.770499527
         0.022844             138650.902165103
         0.022845             138657.035639557
         0.022846             138663.170922638
         0.022847             138669.308014093
         0.022848             138675.446913669
         0.022849             138681.587621113
         0.02285             138687.730136173
         0.022851             138693.874458596
         0.022852             138700.02058813
         0.022853             138706.168524522
         0.022854             138712.318267519
         0.022855             138718.46981687
         0.022856             138724.623172322
         0.022857             138730.778333623
         0.022858             138736.93530052
         0.022859             138743.09407276
         0.02286             138749.254650093
         0.022861             138755.417032265
         0.022862             138761.581219024
         0.022863             138767.747210119
         0.022864             138773.915005297
         0.022865             138780.084604305
         0.022866             138786.256006894
         0.022867             138792.429212809
         0.022868             138798.604221799
         0.022869             138804.781033613
         0.02287             138810.959647998
         0.022871             138817.140064702
         0.022872             138823.322283475
         0.022873             138829.506304063
         0.022874             138835.692126216
         0.022875             138841.879749682
         0.022876             138848.069174208
         0.022877             138854.260399544
         0.022878             138860.453425437
         0.022879             138866.648251637
         0.02288             138872.844877892
         0.022881             138879.04330395
         0.022882             138885.24352956
         0.022883             138891.44555447
         0.022884             138897.64937843
         0.022885             138903.855001187
         0.022886             138910.062422491
         0.022887             138916.271642091
         0.022888             138922.482659734
         0.022889             138928.69547517
         0.02289             138934.910088148
         0.022891             138941.126498417
         0.022892             138947.344705726
         0.022893             138953.564709823
         0.022894             138959.786510458
         0.022895             138966.01010738
         0.022896             138972.235500337
         0.022897             138978.46268908
         0.022898             138984.691673356
         0.022899             138990.922452916
         0.0229             148800.018844076
         0.022901             148805.802863444
         0.022902             148811.588697007
         0.022903             148817.376344513
         0.022904             148823.165805709
         0.022905             148828.957080341
         0.022906             148834.750168158
         0.022907             148840.545068906
         0.022908             148846.341782334
         0.022909             148852.140308188
         0.02291             148857.940646215
         0.022911             148863.742796165
         0.022912             148869.546757783
         0.022913             148875.352530818
         0.022914             148881.160115016
         0.022915             148886.969510127
         0.022916             148892.780715897
         0.022917             148898.593732074
         0.022918             148904.408558406
         0.022919             148910.225194641
         0.02292             148916.043640527
         0.022921             148921.86389581
         0.022922             148927.685960241
         0.022923             148933.509833565
         0.022924             148939.335515532
         0.022925             148945.163005889
         0.022926             148950.992304384
         0.022927             148956.823410765
         0.022928             148962.656324782
         0.022929             148968.49104618
         0.02293             148974.32757471
         0.022931             148980.165910119
         0.022932             148986.006052155
         0.022933             148991.848000567
         0.022934             148997.691755103
         0.022935             149003.537315511
         0.022936             149009.38468154
         0.022937             149015.233852939
         0.022938             149021.084829455
         0.022939             149026.937610837
         0.02294             149032.792196835
         0.022941             149038.648587196
         0.022942             149044.506781669
         0.022943             149050.366780003
         0.022944             149056.228581946
         0.022945             149062.092187248
         0.022946             149067.957595657
         0.022947             149073.824806921
         0.022948             149079.69382079
         0.022949             149085.564637013
         0.02295             149091.437255339
         0.022951             149097.311675516
         0.022952             149103.187897294
         0.022953             149109.065920421
         0.022954             149114.945744647
         0.022955             149120.82736972
         0.022956             149126.710795391
         0.022957             149132.596021408
         0.022958             149138.48304752
         0.022959             149144.371873477
         0.02296             149150.262499027
         0.022961             149156.154923921
         0.022962             149162.049147908
         0.022963             149167.945170736
         0.022964             149173.842992157
         0.022965             149179.742611918
         0.022966             149185.644029769
         0.022967             149191.547245461
         0.022968             149197.452258742
         0.022969             149203.359069363
         0.02297             149209.267677072
         0.022971             149215.178081621
         0.022972             149221.090282757
         0.022973             149227.004280232
         0.022974             149232.920073795
         0.022975             149238.837663195
         0.022976             149244.757048183
         0.022977             149250.678228509
         0.022978             149256.601203923
         0.022979             149262.525974174
         0.02298             149268.452539013
         0.022981             149274.380898189
         0.022982             149280.311051453
         0.022983             149286.242998555
         0.022984             149292.176739246
         0.022985             149298.112273274
         0.022986             149304.049600392
         0.022987             149309.988720348
         0.022988             149315.929632893
         0.022989             149321.872337778
         0.02299             149327.816834753
         0.022991             149333.763123568
         0.022992             149339.711203974
         0.022993             149345.661075721
         0.022994             149351.612738561
         0.022995             149357.566192242
         0.022996             149363.521436517
         0.022997             149369.478471136
         0.022998             149375.437295849
         0.022999             149381.397910407
         0.023             149387.360314562