
2.235232	
2.497222	
2.503337	
2.506878	
2.511706	
2.514602	
2.512028	
2.515568	
2.514281	
2.515246	
2.515246	
2.515890	
2.516534	
2.516212	
2.514602	
2.516534	
2.515890	
2.516855	
2.515890	
2.516212	
2.517821	
2.516855	
2.517499	
2.516855	
2.517177	
2.517821	
2.516855	
2.516534	
2.519108	
2.515890	
2.517177	
2.517499	
2.519108	
2.515890	
2.517821	
2.517821	
2.518465	
2.518143	
2.517499	
2.520074	
2.518787	
2.519108	
2.519752	
2.520396	
2.517821	
2.519108	
2.518465	
2.522005	
2.520396	
2.518465	
2.516855	
2.520718	
2.521361	
2.520074	
2.520074	
2.520074	
2.517821	
2.519430	
2.519108	
2.519752	
2.518465	
2.520074	
2.518143	
2.518465	
2.520074	
2.519752	
2.521361	
2.518143	
2.519752	
2.519752	
2.520074	
2.520074	
2.520396	
2.520718	
2.520718	
2.521361	
2.521361	
2.520396	
2.521040	
2.519108	
2.520396	
2.521040	
2.518787	
2.522327	
2.520718	
2.519752	
2.519108	
2.522649	
2.520074	
2.522649	
2.521683	
2.520396	
2.519752	
2.519752	
2.521040	
2.520718	
2.521361	
2.520718	
2.521683	
2.520396	
2.520074	
2.521683	
2.518787	
2.521361	
2.522327	
2.519752	
2.519108	
2.520396	
2.520396	
2.522327	
2.520396	
2.519752	
2.520074	
2.520396	
2.521683	
2.522327	
2.521683	
2.522327	
2.521361	
2.522327	
2.522649	
2.521683	
2.519430	
2.521040	
2.522005	
2.521683	
2.521683	
2.520074	
2.524580	
2.520074	
2.520396	
2.523293	
2.520718	
2.522971	
2.519430	
2.520718	
2.521683	
2.521683	
2.522005	
2.522649	
2.519430	
2.522649	
2.518465	
2.522649	
2.520074	
2.522971	
2.521361	
2.521683	
2.520396	
2.523293	
2.522649	
2.523936	
2.522971	
2.520718	
2.522327	
2.519430	
2.520074	
2.522971	
2.521683	
2.522649	
2.522971	
2.522005	
2.522327	
2.521361	
2.522005	
2.522005	
2.522005	
2.522649	
2.521683	
2.521361	
2.523293	
2.521040	
2.523936	
2.523293	
2.522327	
2.521040	
2.522327	
2.521361	
2.520396	
2.523936	
2.522649	
2.522649	
2.521040	
2.522005	
2.522649	
2.521040	
2.521683	
2.520396	
2.523936	
2.522649	
2.523614	
2.522327	
2.521683	
2.522327	
2.523293	
2.522327	
2.523293	
2.523293	
2.520718	
2.521040	
2.522005	
2.523614	
2.522649	
2.522971	
2.522971	
2.522649	
2.521040	
2.522649	
2.521683	
2.523614	
2.523936	
2.522649	
2.523936	
2.522327	
2.523293	
2.522649	
2.521361	
2.525867	
2.522971	
2.522649	
2.522649	
2.522005	
2.522005	
2.522649	
2.521683	
2.521361	
2.524580	
2.522327	
2.521683	
2.522005	
2.523293	
2.524902	
2.522649	
2.523293	
2.522649	
2.523293	
2.522971	
2.521683	
2.524258	
2.523936	
2.522649	
2.521683	
2.521683	
2.522005	
2.522971	
2.520718	
2.521040	
2.521683	
2.523293	
2.523293	
2.524580	
2.523936	
2.522649	
2.521040	
2.522327	
2.522971	
2.522649	
2.521040	
2.522327	
2.523614	
2.524258	
2.521683	
2.523936	
2.523293	
2.521361	
2.521361	
2.523614	
2.522005	
2.520718	
2.521361	
2.521683	
2.519430	
2.521361	
2.522971	
2.521361	
2.522971	
2.524258	
2.522005	
2.522971	
2.522649	
2.519752	
2.522971	
2.523293	
2.522649	
2.522971	
2.521683	
2.524902	
2.522327	
2.523293	
2.522649	
2.523936	
2.522327	
2.521361	
2.524580	
2.523936	
2.522649	
2.522649	
2.522649	
2.522327	
2.522005	
2.523293	
2.522971	
2.521361	
2.522005	
2.522005	
2.522005	
2.520718	
2.523293	
2.521361	
2.523614	
2.524258	
2.521683	
2.522005	
2.521683	
2.522327	
2.522649	
2.523293	
2.523614	
2.522971	
2.524580	
2.522649	
2.522005	
2.521040	
2.523293	
2.522649	
2.523614	
2.523936	
2.521683	
2.523936	
2.523293	
2.523936	
2.522971	
2.523614	
2.519752	
2.522005	
2.522649	
2.522649	
2.522649	
2.523614	
2.521361	
2.523936	
2.523293	
2.523293	
2.521683	
2.521040	
2.521683	
2.522327	
2.523614	
2.522971	
2.521683	
2.522649	
2.522005	
2.521683	
2.525224	
2.522971	
2.520396	
2.522327	
2.522971	
2.522327	
2.522327	
2.521683	
2.521040	
2.524580	
2.524258	
2.524258	
2.525224	
2.523293	
2.522649	
2.523293	
2.522327	
2.524902	
2.522005	
2.523293	
2.524580	
2.523614	
2.524902	
2.522005	
2.524258	
2.524580	
2.523293	
2.523293	
2.522971	
2.520718	
2.520396	
2.524258	
2.522327	
2.522327	
2.522649	
2.523293	
2.522649	
2.522005	
2.521683	
2.522971	
2.523614	
2.522327	
2.522971	
2.522649	
2.521683	
2.523614	
2.523614	
2.521361	
2.523614	
2.522005	
2.522649	
2.524580	
2.523614	
2.520396	
2.523614	
2.523614	
2.523614	
2.523614	
2.521361	
2.522327	
2.522649	
2.521683	
2.523293	
2.523936	
2.523293	
2.521040	
2.526189	
2.524580	
2.522327	
2.523293	
2.523293	
2.524258	
2.523936	
2.521361	
2.523293	
2.523614	
2.522971	
2.523614	
2.523614	
2.521361	
2.522327	
2.524580	
2.523936	
2.522005	
2.520718	
2.523936	
2.523614	
2.522971	
2.522327	
2.523614	
2.521040	
2.522649	
2.522327	
2.522327	
2.523614	
2.522327	
2.524258	
2.522971	
2.523614	
2.523936	
2.524580	
2.522649	
2.522649	
2.520718	
2.522005	
2.521683	
2.522327	
2.521361	
2.522327	
2.522971	
2.523936	
2.523293	
2.524580	
2.522971	
2.523614	
2.522327	
2.524580	
2.523293	
2.521683	
2.522971	
2.525867	
2.524258	
2.521040	
2.522971	
2.524258	
2.522971	
2.524902	
2.523936	
2.523614	
2.522971	
2.524902	
2.522649	
2.523936	
2.522649	
2.522327	
2.522005	
2.522649	
2.524258	
2.523293	
2.522649	
2.525224	
2.522649	
2.523936	
2.522649	
2.523614	
2.524580	
2.522971	
2.521361	
2.523614	
2.522649	
2.524258	
2.522649	
2.522327	
2.525224	
2.522971	
2.522327	
2.522005	
2.521361	
2.523614	
2.522649	
2.521683	
2.525224	
2.523936	
2.523293	
2.522971	
2.524580	
2.523614	
2.521040	
2.523293	
2.520718	
2.523936	
2.522649	
2.521683	
2.522971	
2.522971	
2.523293	
2.522971	
2.522971	
2.523293	
2.521361	
2.522005	
2.522327	
2.524258	
2.521040	
2.522005	
2.524580	
2.521361	
2.523614	
2.524580	
2.522327	
2.524580	
2.525224	
2.521361	
2.523293	
2.522649	
2.523614	
2.522971	
2.524258	
2.522327	
2.523614	
2.522649	
2.521361	
2.522649	
2.521683	
2.522971	
2.523614	
2.523293	
2.524258	
2.522649	
2.522649	
2.524580	
2.522005	
2.522649	
2.522327	
2.524258	
2.524580	
2.522971	
2.522971	
2.523293	
2.522649	
2.523614	
2.522005	
2.522649	
2.524258	
2.522005	
2.522649	
2.522971	
2.522971	
2.521683	
2.522649	
2.522649	
2.524580	
2.521040	
2.522649	
2.522005	
2.522649	
2.523614	
2.523936	
2.520396	
2.523614	
2.521683	
2.522649	
2.522649	
2.522005	
2.523293	
2.523293	
2.520718	
2.523293	
2.522971	
2.523293	
2.523293	
2.522971	
2.522005	
2.521683	
2.523614	
2.522971	
2.520396	
2.521683	
2.522005	
2.521683	
2.520396	
2.522327	
2.523936	
2.522327	
2.522005	
2.523293	
2.522005	
2.521683	
2.522005	
2.524258	
2.522327	
2.521683	
2.522005	
2.522649	
2.522327	
2.522971	
2.524580	
2.521361	
2.521040	
2.523614	
2.523293	
2.521683	
2.522649	
2.523293	
2.520396	
2.522649	
2.522005	
2.523614	
2.523614	
2.524258	
2.522649	
2.521683	
2.523614	
2.523293	
2.522971	
2.524258	
2.521683	
2.525546	
2.522971	
2.523936	
2.523293	
2.524258	
2.522005	
2.522005	
2.522649	
2.523293	
2.521683	
2.524258	
2.523293	
2.522649	
2.522649	
2.523614	
2.523614	
2.522649	
2.524258	
2.523936	
2.524580	
2.523936	
2.522649	
2.523293	
2.523293	
2.522649	
2.522649	
2.522327	
2.522649	
2.523293	
2.520718	
2.521683	
2.523936	
2.524258	
2.521683	
2.523936	
2.524258	
2.522649	
2.521040	
2.522971	
2.522005	
2.520718	
2.522005	
2.522649	
2.522005	
2.523936	
2.521361	
2.522005	
2.523293	
2.522649	
2.520074	
2.522971	
2.521040	
2.522327	
2.523293	
2.521361	
2.523936	
2.522005	
2.522005	
2.523614	
2.523936	
2.521361	
2.520718	
2.522327	
2.521361	
2.523614	
2.523614	
2.523614	
2.524902	
2.522327	
2.522005	
2.521361	
2.522649	
2.521683	
2.523936	
2.524258	
2.521683	
2.522005	
2.523293	
2.522971	
2.525546	
2.522649	
2.520396	
2.522005	
2.523293	
2.522327	
2.520718	
2.522649	
2.522971	
2.522327	
2.524258	
2.522327	
2.525224	
2.521683	
2.520396	
2.523293	
2.523614	
2.522971	
2.522649	
2.522005	
2.522327	
2.525224	
2.524258	
2.523614	
2.522005	
2.523936	
2.522971	
2.521040	
2.523293	
2.522649	
2.522649	
2.522649	
2.522649	
2.522649	
2.522327	
2.524902	
2.522327	
2.522005	
2.523936	
2.522649	
2.521683	
2.522971	
2.524902	
2.522327	
2.524258	
2.522327	
2.522005	
2.522005	
2.522005	
2.521361	
2.521361	
2.523614	
2.522327	
2.522971	
2.524258	
2.522971	
2.523293	
2.522971	
2.522649	
2.523293	
2.522327	
2.521361	
2.521361	
2.521361	
2.522649	
2.522649	
2.522971	
2.521361	
2.522649	
2.524258	
2.522649	
2.522649	
2.523936	
2.522971	
2.522649	
2.522327	
2.522971	
2.523293	
2.523293	
2.522971	
2.521683	
2.521040	
2.521361	
2.522005	
2.523936	
2.522649	
2.522971	
2.521361	
2.524580	
2.522005	
2.523936	
2.523936	
2.523936	
2.526189	
2.522971	
2.523293	
2.523936	
2.523936	
2.524258	
2.522971	
2.523293	
2.523936	
2.522327	
2.523614	
2.522005	
2.524902	
2.523293	
2.522327	
2.520718	
2.520396	
2.521683	
2.521683	
2.522971	
2.522649	
2.524258	
2.522971	
2.521683	
2.523293	
2.524258	
2.523936	
2.520718	
2.521683	
2.520396	
2.524580	
2.522649	
2.522649	
2.523293	
2.522971	
2.524258	
2.522005	
2.522649	
2.521040	
2.524902	
2.522327	
2.522971	
2.522327	
2.522327	
2.522649	
2.523614	
2.522649	
2.522327	
2.523936	
2.524580	
2.519430	
2.523614	
2.523293	
2.521683	
2.522005	
2.523614	
2.522971	
2.522971	
2.523293	
2.522005	
2.521040	
2.523936	
2.524580	
2.523293	
2.523936	
2.524580	
2.522971	
2.523936	
2.522971	
2.522327	
2.522005	
2.520396	
2.524258	
2.523936	
2.522971	
2.522649	
2.523936	
2.521683	
2.521040	
2.521040	
2.522327	
2.523936	
2.524258	
2.523936	
2.521683	
2.522649	
2.522327	
2.522971	
2.522327	
2.523293	
2.520718	
2.523614	
2.522971	
2.521361	
2.522971	
2.521683	
2.523614	
2.525546	
2.522327	
2.524580	
2.523936	
2.520718	
2.520396	
2.520718	
2.522649	
2.524902	
2.521361	
2.521683	
2.522649	
2.521361	
2.522005	
2.522327	
2.522327	
2.522971	
2.521040	
2.523293	
2.524580	
2.520396	
2.524258	
2.522649	
2.520074	
2.522005	
2.523936	
2.523936	
2.523936	
2.523936	
2.523614	
2.522649	
2.521040	
2.523293	
2.524258	
2.523293	
2.523293	
2.523614	
2.522005	
2.523293	
2.524580	
2.522649	
2.523614	
2.522327	
2.523293	
2.522005	
2.522005	
2.523614	
2.521361	
2.522327	
2.524902	
2.524258	
2.522327	
2.524902	
2.524580	
2.521361	
2.521361	
2.522005	
2.522005	
2.522649	
2.523936	
2.522649	
2.522971	
2.524580	
2.522327	
2.525224	
2.523936	
2.523936	
2.522327	
2.525224	
2.524258	
2.521683	
2.522971	
2.524902	
2.522971	
2.522649	
2.521361	
2.524258	
2.521683	
2.521361	
2.521040	
2.522971	
2.524580	
2.521040	
2.520396	
2.521683	
2.522649	
2.521040	
2.521683	
2.522005	
2.523614	
2.524580	
2.521683	
2.521040	
2.521040	
2.522327	
2.523614	
2.522971	
2.522649	
2.522971	
2.524580	
2.521683	
2.521683	
2.523293	
2.524580	
2.521361	
2.524902	
2.524258	
2.522005	
2.522971	
2.520074	
2.523293	
2.522649	
2.523293	
2.524902	
2.522005	
2.521361	
2.521040	
2.522649	
2.523293	
2.522327	
2.522005	
2.522971	
2.520718	
2.522971	
2.523614	
2.521361	
2.522649	
2.522971	
2.522327	
2.524902	
2.523614	
2.523293	
2.524258	
2.523614	
2.522327	
2.523936	
2.522971	
2.525224	
2.522971	
2.523293	
2.521683	
2.522327	
2.526189	
2.521040	
2.524258	
2.523936	
2.523614	
2.521361	
2.523936	
2.523936	
2.522649	
2.523293	
2.520396	
2.523293	
2.522649	
2.520396	
2.522005	
2.522327	
2.523293	
2.522005	
2.521683	
2.522971	
2.521040	
2.524258	
2.523293	
2.524258	
2.522649	
2.523614	
2.526189	
2.524258	
2.523614	
2.521683	
2.520396	
2.523293	
2.520396	
2.522971	
2.522971	
2.524902	
2.524580	
2.522327	
2.522971	
2.523936	
2.522005	
2.521683	
2.523293	
2.524902	
2.521361	
2.522649	
2.522971	
2.522327	
2.522327	
2.522005	
2.524258	
2.522649	
2.525224	
2.523936	
2.522649	
2.521683	
2.521361	
2.523293	
2.522971	
2.523293	
2.524580	
2.522327	
2.522327	
2.522971	
2.522971	
2.523614	
2.522005	
2.523936	
2.524580	
2.523614	
2.522005	
2.524902	
2.523293	
2.523614	
2.522971	
2.522971	
2.523293	
2.522649	
2.522327	
2.522649	
2.524258	
2.522327	
2.521040	
2.521361	
2.525224	
2.523614	
2.523614	
2.522971	
2.521683	
2.522649	
2.522971	
2.521361	
2.522327	
2.523936	
2.522005	
2.524902	
2.523614	
2.522649	
2.522005	
2.524258	
2.522327	
2.525867	
2.523614	
2.523293	
2.524902	
2.522649	
2.522327	
2.525546	
2.522649	
2.524258	
2.521683	
2.523936	
2.522649	
2.523936	
2.523293	
2.522327	
2.524258	
2.523936	
2.524258	
2.523614	
2.522327	
2.522649	
2.521361	
2.524258	
2.524258	
2.522327	
2.523936	
2.522649	
2.522649	
2.524258	
2.523614	
2.522649	
2.523614	
2.522971	
2.522327	
2.523293	
2.524258	
2.523293	
2.521040	
2.522649	
2.520396	
2.523293	
2.525224	
2.522327	
2.523936	
2.522327	
2.522971	
2.522971	
2.524258	
2.522649	
2.523293	
2.521683	
2.523614	
2.523293	
2.522005	
2.522971	
2.524580	
2.523614	
2.523936	
2.521683	
2.523293	
2.524902	
2.523614	
2.521040	
2.523614	
2.522005	
2.521683	
2.523614	
2.523936	
2.522649	
2.522971	
2.523614	
2.523936	
2.522649	
2.524580	
2.524580	
2.525224	
2.522005	
2.526833	
2.524258	
2.522971	
2.522971	
2.523614	
2.521683	
2.522649	
2.524902	
2.522971	
2.521683	
2.523614	
2.523614	
2.523293	
2.523293	
2.525224	
2.523614	
2.523293	
2.521683	
2.522649	
2.523936	
2.522327	
2.521683	
2.522005	
2.522005	
2.524580	
2.522971	
2.524580	
2.522971	
2.523293	
2.523293	
2.524258	
2.522649	
2.521361	
2.524258	
2.522971	
2.522327	
2.522649	
2.522649	
2.522005	
2.522971	
2.521361	
2.523614	
2.522649	
2.523936	
2.524258	
2.524580	
2.524258	
2.523614	
2.523293	
2.523614	
2.522971	
2.524580	
2.521683	
2.522971	
2.524902	
2.522649	
2.523614	
2.524258	
2.522971	
2.522971	
2.523293	
2.523936	
2.523293	
2.523614	
2.524580	
2.522649	
2.522327	
2.523293	
2.523293	
2.521683	
2.521683	
2.524580	
2.523936	
2.523293	
2.523936	
2.522649	
2.523936	
2.522005	
2.524580	
2.525224	
2.523614	
2.523293	
2.522649	
2.522005	
2.521683	
2.523293	
2.523936	
2.523614	
2.523293	
2.522649	
2.523614	
2.522649	
2.522649	
2.522971	
2.521361	
2.522971	
2.521040	
2.524580	
2.522649	
2.525867	
2.523936	
2.522005	
2.522649	
2.523293	
2.523614	
2.522327	
2.523614	
2.523614	
2.522649	
2.523936	
2.522971	
2.523293	
2.522327	
2.523936	
2.522327	
2.521683	
2.521683	
2.522005	
2.523936	
2.522005	
2.524258	
2.521361	
2.522971	
2.520396	
2.522327	
2.522327	
2.522649	
2.523936	
2.524580	
2.522971	
2.522971	
2.524902	
2.522971	
2.522649	
2.522649	
2.523614	
2.523293	
2.524258	
2.523936	
2.523293	
2.523293	
2.525224	
2.524258	
2.524258	
2.524258	
2.522005	
2.522327	
2.522005	
2.522971	
2.523293	
2.522971	
2.522327	
2.522005	
2.523614	
2.524580	
2.522327	
2.522327	
2.522649	
2.523293	
2.525224	
2.523293	
2.522971	
2.522327	
2.524902	
2.521683	
2.524258	
2.523293	
2.522649	
2.522005	
2.524580	
2.525224	
2.523293	
2.522971	
2.522005	
2.523293	
2.522971	
2.522649	
2.524258	
2.522005	
2.522005	
2.522971	
2.523614	
2.525224	
2.523936	
2.522649	
2.523293	
2.522327	
2.523614	
2.522005	
2.524580	
2.523293	
2.524902	
2.523936	
2.522327	
2.522649	
2.524580	
2.520396	
2.522327	
2.523614	
2.522649	
2.522971	
2.523936	
2.524258	
2.525867	
2.522005	
2.522649	
2.522005	
2.521683	
2.525224	
2.523614	
2.524580	
2.523293	
2.522327	
2.522327	
2.523614	
2.522649	
2.522649	
2.524258	
2.523936	
2.521361	
2.522005	
2.523936	
2.523293	
2.522327	
2.522327	
2.524580	
2.522649	
2.523293	
2.523936	
2.523293	
2.524580	
2.523293	
2.521683	
2.523293	
2.522971	
2.523293	
2.522327	
2.523936	
2.521683	
2.522649	
2.522649	
2.522971	
2.522327	
2.522327	
2.522005	
2.523293	
2.523293	
2.522971	
2.525224	
2.523936	
2.522649	
2.523293	
2.523614	
2.523936	
2.523293	
2.522649	
2.521361	
2.523614	
2.522971	
2.523293	
2.522649	
2.523614	
2.524902	
2.521361	
2.524258	
2.525867	
2.523293	
2.522649	
2.521683	
2.522649	
2.525224	
2.522971	
2.523614	
2.522005	
2.522649	
2.522005	
2.522327	
2.524258	
2.521683	
2.522327	
2.523293	
2.524258	
2.522971	
2.522971	
2.522005	
2.522327	
2.523293	
2.524902	
2.522971	
2.523614	
2.520396	
2.523936	
2.523614	
2.523614	
2.523293	
2.523936	
2.522327	
2.523614	
2.523936	
2.524580	
2.522649	
2.522327	
2.522971	
2.522971	
2.520718	
2.523936	
2.523614	
2.522971	
2.522971	
2.522005	
2.520396	
2.523936	
2.521683	
2.522327	
2.522327	
2.524580	
2.523293	
2.521683	
2.523293	
2.522649	
2.521683	
2.523936	
2.522327	
2.523293	
2.523614	
2.523293	
2.523936	
2.523614	
2.522971	
2.521683	
2.523936	
2.521683	
2.521361	
2.522649	
2.522649	
2.520718	
2.522971	
2.522971	
2.523293	
2.521361	
2.523936	
2.523614	
2.522005	
2.522005	
2.522005	
2.524580	
2.523614	
2.523936	
2.523936	
2.522971	
2.519430	
2.521683	
2.524258	
2.522327	
2.523614	
2.523614	
2.523936	
2.523293	
2.523936	
2.520718	
2.525546	
2.523293	
2.524902	
2.524258	
2.525546	
2.523614	
2.523293	
2.523614	
2.524580	
2.522649	
2.524258	
2.524258	
2.521683	
2.523293	
2.523293	
2.522649	
2.523614	
2.522971	
2.524258	
2.522327	
2.522971	
2.525546	
2.522649	
2.523936	
2.521361	
2.523293	
2.522971	
2.522005	
2.523293	
2.524258	
2.521683	
2.523293	
2.523614	
2.523614	
2.521683	
2.523293	
2.522649	
2.522971	
2.522971	
2.522971	
2.522649	
2.521040	
2.524258	
2.522327	
2.522971	
2.522649	
2.522005	
2.522649	
2.522005	
2.521683	
2.524258	
2.520396	
2.521683	
2.521683	
2.523293	
2.522971	
2.522649	
2.522649	
2.521361	
2.522649	
2.523293	
2.522971	
2.522649	
2.522971	
2.523614	
2.521361	
2.522327	
2.522971	
2.523614	
2.522327	
2.523293	
2.521683	
2.524258	
2.522649	
2.522649	
2.522649	
2.522327	
2.522649	
2.522971	
2.521361	
2.522327	
2.521683	
2.522649	
2.522649	
2.523614	
2.524580	
2.523614	
2.523614	
2.523293	
2.521683	
2.522649	
2.522971	
2.524258	
2.522327	
2.522005	
2.520718	
2.522971	
2.523293	
2.523936	
2.522005	
2.522005	
2.522649	
2.523936	
2.523293	
2.523293	
2.522327	
2.523293	
2.522005	
2.522971	
2.520396	
2.523293	
2.522971	
2.522005	
2.523936	
2.523614	
2.523293	
2.522327	
2.523614	
2.524258	
2.522327	
2.521683	
2.522649	
2.522971	
2.523293	
2.525224	
2.521683	
2.523293	
2.521361	
2.522327	
2.523293	
2.523614	
2.523936	
2.522649	
2.524580	
2.523293	
2.522971	
2.521361	
2.522649	
2.525867	
2.522327	
2.524580	
2.522971	
2.522327	
2.522005	
2.522005	
2.523614	
2.522649	
2.523614	
2.521361	
2.522971	
2.521683	
2.524258	
2.523614	
2.521683	
2.521361	
2.523936	
2.523614	
2.524258	
2.524258	
2.522649	
2.522327	
2.522327	
2.521040	
2.523936	
2.521040	
2.524258	
2.522971	
2.524258	
2.523293	
2.522971	
2.523614	
2.523614	
2.522327	
2.523936	
2.522005	
2.523614	
2.521683	
2.520396	
2.523293	
2.522005	
2.520718	
2.522971	
2.523614	
2.520718	
2.523936	
2.524258	
2.525224	
2.522005	
2.525224	
2.523614	
2.521040	
2.523293	
2.523293	
2.522005	
2.522327	
2.522327	
2.522649	
2.522649	
2.523936	
2.524258	
2.522649	
2.522327	
2.523936	
2.522327	
2.522005	
2.522971	
2.523614	
2.524580	
2.522005	
2.522971	
2.521683	
2.524580	
2.522327	
2.522327	
2.524580	
2.523614	
2.521361	
2.523614	
2.522005	
2.522327	
2.522971	
2.524902	
2.523293	
2.523614	
2.522649	
2.522971	
2.522005	
2.522971	
2.522005	
2.523614	
2.521683	
2.524258	
2.523293	
2.523293	
2.522005	
2.523936	
2.522005	
2.521361	
2.524580	
2.523293	
2.522649	
2.523936	
2.524580	
2.522327	
2.522971	
2.524902	
2.524580	
2.523293	
2.523614	
2.523293	
2.522327	
2.523293	
2.522005	
2.521683	
2.521683	
2.523614	
2.522971	
2.522005	
2.521683	
2.522005	
2.522005	
2.524580	
2.521683	
2.523936	
2.523614	
2.523936	
2.521040	
2.522649	
2.522649	
2.522327	
2.524258	
2.525224	
2.522005	
2.524902	
2.524902	
2.522327	
2.522971	
2.522971	
2.524580	
2.522005	
2.523293	
2.522327	
2.523614	
2.521361	
2.523614	
2.523614	
2.521361	
2.522649	
2.523293	
2.522971	
2.524902	
2.523936	
2.522971	
2.523936	
2.524580	
2.521361	
2.523293	
2.523614	
2.523936	
2.522649	
2.522971	
2.523936	
2.523936	
2.521361	
2.523293	
2.522327	
2.523936	
2.522649	
2.523293	
2.522005	
2.523614	
2.522327	
2.524258	
2.524258	
2.522327	
2.523936	
2.523936	
2.523936	
2.524258	
2.525224	
2.523936	
2.522005	
2.522649	
2.522005	
2.522971	
2.522649	
2.523293	
2.522649	
2.524258	
2.523936	
2.524258	
2.523293	
2.522005	
2.524902	
2.522971	
2.523936	
2.524580	
2.523936	
2.523293	
2.523614	
2.522327	
2.521361	
2.522327	
2.522327	
2.522971	
2.521361	
2.521361	
2.523936	
2.522971	
2.522971	
2.524580	
2.523614	
2.523293	
2.522971	
2.524258	
2.524902	
2.522005	
2.521040	
2.524258	
2.524580	
2.521040	
2.523936	
2.523293	
2.522971	
2.523936	
2.525224	
2.522649	
2.523614	
2.522327	
2.522327	
2.523293	
2.523293	
2.522327	
2.523293	
2.523936	
2.524258	
2.525224	
2.522649	
2.524580	
2.523614	
2.524258	
2.523293	
2.523293	
2.524580	
2.522327	
2.521040	
2.524580	
2.521683	
2.522005	
2.521683	
2.523614	
2.524902	
2.522649	
2.522971	
2.524580	
2.521683	
2.520718	
2.524580	
2.523936	
2.522971	
2.524258	
