waveform	V_in	V_out
t0	4/22/2022  09:49:08,307853	4/22/2022  09:49:08,307864
delta t	0,000250	0,000250

time	V_in	V_out
4/22/2022  09:49:08,307853	1,589591E+0	1,579292E+0
4/22/2022  09:49:08,308103	2,507200E+0	6,722577E-2
4/22/2022  09:49:08,308353	2,517499E+0	8,970513E-3
4/22/2022  09:49:08,308603	2,520718E+0	3,820878E-3
4/22/2022  09:49:08,308853	2,519108E+0	2,855321E-3
4/22/2022  09:49:08,309103	2,521361E+0	2,533469E-3
4/22/2022  09:49:08,309353	2,522649E+0	4,142730E-3
4/22/2022  09:49:08,309603	2,522327E+0	1,889765E-3
4/22/2022  09:49:08,309853	2,522005E+0	2,855321E-3
4/22/2022  09:49:08,310103	2,522005E+0	2,211617E-3
4/22/2022  09:49:08,310353	2,521040E+0	3,499026E-3
4/22/2022  09:49:08,310603	2,522005E+0	1,246060E-3
4/22/2022  09:49:08,310853	2,523614E+0	3,820878E-3
4/22/2022  09:49:08,311103	2,523293E+0	1,889765E-3
4/22/2022  09:49:08,311353	2,523614E+0	2,533469E-3
4/22/2022  09:49:08,311603	2,522971E+0	2,211617E-3
4/22/2022  09:49:08,311853	2,522005E+0	9,242081E-4
4/22/2022  09:49:08,312103	2,522327E+0	3,499026E-3
4/22/2022  09:49:08,312353	2,523614E+0	1,567913E-3
4/22/2022  09:49:08,312603	2,522005E+0	1,567913E-3
4/22/2022  09:49:08,312853	2,523293E+0	1,567913E-3
4/22/2022  09:49:08,313103	2,523293E+0	1,889765E-3
4/22/2022  09:49:08,313353	2,524258E+0	1,246060E-3
4/22/2022  09:49:08,313603	2,524258E+0	2,855321E-3
4/22/2022  09:49:08,313853	2,523936E+0	1,246060E-3
4/22/2022  09:49:08,314103	2,524580E+0	2,855321E-3
4/22/2022  09:49:08,314353	2,523293E+0	2,533469E-3
4/22/2022  09:49:08,314603	2,523614E+0	1,246060E-3
4/22/2022  09:49:08,314853	2,524902E+0	2,533469E-3
4/22/2022  09:49:08,315103	2,521683E+0	-4,134846E-5
4/22/2022  09:49:08,315353	2,521683E+0	3,499026E-3
4/22/2022  09:49:08,315603	2,522649E+0	9,242081E-4
4/22/2022  09:49:08,315853	2,522327E+0	1,567913E-3
4/22/2022  09:49:08,316103	2,522327E+0	1,567913E-3
4/22/2022  09:49:08,316353	2,522005E+0	1,567913E-3
4/22/2022  09:49:08,316603	2,523936E+0	1,889765E-3
4/22/2022  09:49:08,316853	2,522971E+0	2,211617E-3
4/22/2022  09:49:08,317103	2,524258E+0	2,211617E-3
4/22/2022  09:49:08,317353	2,522649E+0	2,805037E-4
4/22/2022  09:49:08,317603	2,523614E+0	-4,134846E-5
4/22/2022  09:49:08,317853	2,522649E+0	9,242081E-4
4/22/2022  09:49:08,318103	2,523614E+0	2,211617E-3
4/22/2022  09:49:08,318353	2,523293E+0	2,533469E-3
4/22/2022  09:49:08,318603	2,522649E+0	2,533469E-3
4/22/2022  09:49:08,318853	2,523293E+0	1,246060E-3
4/22/2022  09:49:08,319103	2,521683E+0	3,499026E-3
4/22/2022  09:49:08,319353	2,522005E+0	6,023559E-4
4/22/2022  09:49:08,319603	2,523293E+0	2,855321E-3
4/22/2022  09:49:08,319853	2,522649E+0	2,211617E-3
4/22/2022  09:49:08,320103	2,523293E+0	1,246060E-3
4/22/2022  09:49:08,320353	2,522327E+0	2,533469E-3
4/22/2022  09:49:08,320603	2,522649E+0	3,820878E-3
4/22/2022  09:49:08,320853	2,523936E+0	2,855321E-3
4/22/2022  09:49:08,321103	2,522005E+0	2,533469E-3
4/22/2022  09:49:08,321353	2,521361E+0	1,567913E-3
4/22/2022  09:49:08,321603	2,523293E+0	3,177174E-3
4/22/2022  09:49:08,321853	2,523614E+0	2,533469E-3
4/22/2022  09:49:08,322103	2,522005E+0	4,142730E-3
4/22/2022  09:49:08,322353	2,522971E+0	1,246060E-3
4/22/2022  09:49:08,322603	2,522971E+0	2,211617E-3
4/22/2022  09:49:08,322853	2,522971E+0	2,805037E-4
4/22/2022  09:49:08,323103	2,521683E+0	1,246060E-3
4/22/2022  09:49:08,323353	2,522971E+0	1,889765E-3
4/22/2022  09:49:08,323603	2,521040E+0	3,499026E-3
4/22/2022  09:49:08,323853	2,522649E+0	3,499026E-3
4/22/2022  09:49:08,324103	2,523293E+0	2,855321E-3
4/22/2022  09:49:08,324353	2,522971E+0	3,499026E-3
4/22/2022  09:49:08,324603	2,521683E+0	2,211617E-3
4/22/2022  09:49:08,324853	2,523293E+0	1,246060E-3
4/22/2022  09:49:08,325103	2,524258E+0	2,211617E-3
4/22/2022  09:49:08,325353	2,524580E+0	2,533469E-3
4/22/2022  09:49:08,325603	2,521361E+0	3,499026E-3
4/22/2022  09:49:08,325853	2,522971E+0	1,889765E-3
4/22/2022  09:49:08,326103	2,521683E+0	2,533469E-3
4/22/2022  09:49:08,326353	2,524902E+0	-4,134846E-5
4/22/2022  09:49:08,326603	2,523614E+0	3,820878E-3
4/22/2022  09:49:08,326853	2,522327E+0	1,889765E-3
4/22/2022  09:49:08,327103	2,523936E+0	3,177174E-3
4/22/2022  09:49:08,327353	2,522005E+0	9,242081E-4
4/22/2022  09:49:08,327603	2,522649E+0	2,855321E-3
4/22/2022  09:49:08,327853	2,523614E+0	3,499026E-3
4/22/2022  09:49:08,328103	2,523293E+0	3,177174E-3
4/22/2022  09:49:08,328353	2,523936E+0	2,533469E-3
4/22/2022  09:49:08,328603	2,520718E+0	1,246060E-3
4/22/2022  09:49:08,328853	2,522005E+0	2,855321E-3
4/22/2022  09:49:08,329103	2,522971E+0	3,177174E-3
4/22/2022  09:49:08,329353	2,522005E+0	-6,850528E-4
4/22/2022  09:49:08,329603	2,524580E+0	2,805037E-4
4/22/2022  09:49:08,329853	2,522005E+0	1,246060E-3
4/22/2022  09:49:08,330103	2,521683E+0	1,567913E-3
4/22/2022  09:49:08,330353	2,520396E+0	9,242081E-4
4/22/2022  09:49:08,330603	2,522327E+0	3,177174E-3
4/22/2022  09:49:08,330853	2,523614E+0	1,567913E-3
4/22/2022  09:49:08,331103	2,522649E+0	3,499026E-3
4/22/2022  09:49:08,331353	2,523293E+0	1,246060E-3
4/22/2022  09:49:08,331603	2,525224E+0	2,855321E-3
4/22/2022  09:49:08,331853	2,522005E+0	6,023559E-4
4/22/2022  09:49:08,332103	2,521683E+0	2,855321E-3
4/22/2022  09:49:08,332353	2,523936E+0	2,533469E-3
4/22/2022  09:49:08,332603	2,523936E+0	4,464582E-3
4/22/2022  09:49:08,332853	2,522649E+0	2,855321E-3
4/22/2022  09:49:08,333103	2,523293E+0	6,023559E-4
4/22/2022  09:49:08,333353	2,523293E+0	2,533469E-3
4/22/2022  09:49:08,333603	2,522649E+0	2,211617E-3
4/22/2022  09:49:08,333853	2,524902E+0	2,855321E-3
4/22/2022  09:49:08,334103	2,521361E+0	2,805037E-4
4/22/2022  09:49:08,334353	2,524902E+0	2,855321E-3
4/22/2022  09:49:08,334603	2,522649E+0	1,889765E-3
4/22/2022  09:49:08,334853	2,523293E+0	1,246060E-3
4/22/2022  09:49:08,335103	2,522971E+0	3,499026E-3
4/22/2022  09:49:08,335353	2,522005E+0	2,533469E-3
4/22/2022  09:49:08,335603	2,521683E+0	2,533469E-3
4/22/2022  09:49:08,335853	2,523293E+0	1,889765E-3
4/22/2022  09:49:08,336103	2,521683E+0	3,820878E-3
4/22/2022  09:49:08,336353	2,525546E+0	1,567913E-3
4/22/2022  09:49:08,336603	2,522649E+0	1,889765E-3
4/22/2022  09:49:08,336853	2,524258E+0	1,889765E-3
4/22/2022  09:49:08,337103	2,522327E+0	2,533469E-3
4/22/2022  09:49:08,337353	2,523936E+0	3,820878E-3
4/22/2022  09:49:08,337603	2,523936E+0	9,242081E-4
4/22/2022  09:49:08,337853	2,524258E+0	3,177174E-3
4/22/2022  09:49:08,338103	2,524258E+0	2,855321E-3
4/22/2022  09:49:08,338353	2,523293E+0	2,533469E-3
4/22/2022  09:49:08,338603	2,523293E+0	3,820878E-3
4/22/2022  09:49:08,338853	2,522971E+0	4,464582E-3
4/22/2022  09:49:08,339103	2,522971E+0	1,246060E-3
4/22/2022  09:49:08,339353	2,524258E+0	9,242081E-4
4/22/2022  09:49:08,339603	2,522005E+0	1,889765E-3
4/22/2022  09:49:08,339853	2,522971E+0	1,567913E-3
4/22/2022  09:49:08,340103	2,523614E+0	2,855321E-3
4/22/2022  09:49:08,340353	2,524580E+0	2,533469E-3
4/22/2022  09:49:08,340603	2,522971E+0	1,567913E-3
4/22/2022  09:49:08,340853	2,522005E+0	2,855321E-3
4/22/2022  09:49:08,341103	2,522005E+0	2,533469E-3
4/22/2022  09:49:08,341353	2,523936E+0	1,889765E-3
4/22/2022  09:49:08,341603	2,522649E+0	3,177174E-3
4/22/2022  09:49:08,341853	2,522327E+0	2,533469E-3
4/22/2022  09:49:08,342103	2,523614E+0	2,211617E-3
4/22/2022  09:49:08,342353	2,522649E+0	1,889765E-3
4/22/2022  09:49:08,342603	2,525224E+0	2,211617E-3
4/22/2022  09:49:08,342853	2,524258E+0	9,242081E-4
4/22/2022  09:49:08,343103	2,524258E+0	2,533469E-3
4/22/2022  09:49:08,343353	2,523614E+0	1,246060E-3
4/22/2022  09:49:08,343603	2,522005E+0	1,567913E-3
4/22/2022  09:49:08,343853	2,522005E+0	3,820878E-3
4/22/2022  09:49:08,344103	2,523936E+0	2,211617E-3
4/22/2022  09:49:08,344353	2,522327E+0	4,786434E-3
4/22/2022  09:49:08,344603	2,523614E+0	3,499026E-3
4/22/2022  09:49:08,344853	2,522327E+0	1,889765E-3
4/22/2022  09:49:08,345103	2,522971E+0	1,246060E-3
4/22/2022  09:49:08,345353	2,523293E+0	1,246060E-3
4/22/2022  09:49:08,345603	2,523936E+0	-4,134846E-5
4/22/2022  09:49:08,345853	2,523614E+0	1,567913E-3
4/22/2022  09:49:08,346103	2,522971E+0	3,499026E-3
4/22/2022  09:49:08,346353	2,522327E+0	1,889765E-3
4/22/2022  09:49:08,346603	2,522005E+0	3,499026E-3
4/22/2022  09:49:08,346853	2,522971E+0	2,855321E-3
4/22/2022  09:49:08,347103	2,522971E+0	2,211617E-3
4/22/2022  09:49:08,347353	2,522971E+0	4,464582E-3
4/22/2022  09:49:08,347603	2,524258E+0	9,242081E-4
4/22/2022  09:49:08,347853	2,522971E+0	3,499026E-3
4/22/2022  09:49:08,348103	2,522971E+0	3,499026E-3
4/22/2022  09:49:08,348353	2,522327E+0	2,533469E-3
4/22/2022  09:49:08,348603	2,523936E+0	3,177174E-3
4/22/2022  09:49:08,348853	2,522971E+0	2,855321E-3
4/22/2022  09:49:08,349103	2,519108E+0	3,820878E-3
4/22/2022  09:49:08,349353	2,521361E+0	1,889765E-3
4/22/2022  09:49:08,349603	2,523936E+0	2,533469E-3
4/22/2022  09:49:08,349853	2,521361E+0	2,533469E-3
4/22/2022  09:49:08,350103	2,523293E+0	1,567913E-3
4/22/2022  09:49:08,350353	2,522327E+0	3,499026E-3
4/22/2022  09:49:08,350603	2,524258E+0	2,855321E-3
4/22/2022  09:49:08,350853	2,522005E+0	9,242081E-4
4/22/2022  09:49:08,351103	2,521683E+0	1,567913E-3
4/22/2022  09:49:08,351353	2,522649E+0	-4,134846E-5
4/22/2022  09:49:08,351603	2,522971E+0	2,211617E-3
4/22/2022  09:49:08,351853	2,522971E+0	2,211617E-3
4/22/2022  09:49:08,352103	2,522327E+0	2,533469E-3
4/22/2022  09:49:08,352353	2,523936E+0	3,177174E-3
4/22/2022  09:49:08,352603	2,522971E+0	3,499026E-3
4/22/2022  09:49:08,352853	2,521683E+0	3,177174E-3
4/22/2022  09:49:08,353103	2,523293E+0	1,567913E-3
4/22/2022  09:49:08,353353	2,522005E+0	1,567913E-3
4/22/2022  09:49:08,353603	2,524580E+0	1,889765E-3
4/22/2022  09:49:08,353853	2,524258E+0	3,177174E-3
4/22/2022  09:49:08,354103	2,523614E+0	1,567913E-3
4/22/2022  09:49:08,354353	2,522971E+0	2,855321E-3
4/22/2022  09:49:08,354603	2,524902E+0	1,889765E-3
4/22/2022  09:49:08,354853	2,523614E+0	3,820878E-3
4/22/2022  09:49:08,355103	2,524580E+0	2,805037E-4
4/22/2022  09:49:08,355353	2,523936E+0	1,889765E-3
4/22/2022  09:49:08,355603	2,522327E+0	2,211617E-3
4/22/2022  09:49:08,355853	2,523614E+0	2,533469E-3
4/22/2022  09:49:08,356103	2,522649E+0	3,499026E-3
4/22/2022  09:49:08,356353	2,522971E+0	3,499026E-3
4/22/2022  09:49:08,356603	2,522327E+0	3,499026E-3
4/22/2022  09:49:08,356853	2,523614E+0	2,533469E-3
4/22/2022  09:49:08,357103	2,521683E+0	1,889765E-3
4/22/2022  09:49:08,357353	2,521683E+0	3,177174E-3
4/22/2022  09:49:08,357603	-2,373051E+0	-6,604814E-1
4/22/2022  09:49:08,357853	-2,486343E+0	-5,025029E-2
4/22/2022  09:49:08,358103	-2,492780E+0	-7,122097E-3
4/22/2022  09:49:08,358353	-2,493745E+0	-3,259870E-3
4/22/2022  09:49:08,358603	-2,494389E+0	-1,650609E-3
4/22/2022  09:49:08,358853	-2,494389E+0	-1,972462E-3
4/22/2022  09:49:08,359103	-2,494389E+0	-2,938018E-3
4/22/2022  09:49:08,359353	-2,493101E+0	-2,294314E-3
4/22/2022  09:49:08,359603	-2,495354E+0	-1,328757E-3
4/22/2022  09:49:08,359853	-2,494389E+0	-1,006905E-3
4/22/2022  09:49:08,360103	-2,493745E+0	-2,616166E-3
4/22/2022  09:49:08,360353	-2,494711E+0	-2,616166E-3
4/22/2022  09:49:08,360603	-2,493745E+0	-2,294314E-3
4/22/2022  09:49:08,360853	-2,495676E+0	-1,006905E-3
4/22/2022  09:49:08,361103	-2,494389E+0	-2,294314E-3
4/22/2022  09:49:08,361353	-2,494067E+0	-4,134846E-5
4/22/2022  09:49:08,361603	-2,494711E+0	-2,616166E-3
4/22/2022  09:49:08,361853	-2,493101E+0	-1,006905E-3
4/22/2022  09:49:08,362103	-2,493101E+0	-6,850528E-4
4/22/2022  09:49:08,362353	-2,493101E+0	-1,328757E-3
4/22/2022  09:49:08,362603	-2,492458E+0	-2,616166E-3
4/22/2022  09:49:08,362853	-2,494067E+0	-2,294314E-3
4/22/2022  09:49:08,363103	-2,493101E+0	-1,972462E-3
4/22/2022  09:49:08,363353	-2,494389E+0	-1,006905E-3
4/22/2022  09:49:08,363603	-2,495998E+0	-1,972462E-3
4/22/2022  09:49:08,363853	-2,495998E+0	-2,616166E-3
4/22/2022  09:49:08,364103	-2,494389E+0	-3,581723E-3
4/22/2022  09:49:08,364353	-2,492780E+0	-6,850528E-4
4/22/2022  09:49:08,364603	-2,494711E+0	-1,972462E-3
4/22/2022  09:49:08,364853	-2,494711E+0	-4,134846E-5
4/22/2022  09:49:08,365103	-2,493101E+0	-2,616166E-3
4/22/2022  09:49:08,365353	-2,494389E+0	-6,850528E-4
4/22/2022  09:49:08,365603	-2,492780E+0	-3,259870E-3
4/22/2022  09:49:08,365853	-2,495676E+0	-3,632007E-4
4/22/2022  09:49:08,366103	-2,494067E+0	-1,972462E-3
4/22/2022  09:49:08,366353	-2,494389E+0	-1,328757E-3
4/22/2022  09:49:08,366603	-2,494067E+0	-2,294314E-3
4/22/2022  09:49:08,366853	-2,493423E+0	-1,006905E-3
4/22/2022  09:49:08,367103	-2,493423E+0	-3,259870E-3
4/22/2022  09:49:08,367353	-2,495354E+0	-2,616166E-3
4/22/2022  09:49:08,367603	-2,495033E+0	-1,328757E-3
4/22/2022  09:49:08,367853	-2,494389E+0	-1,006905E-3
4/22/2022  09:49:08,368103	-2,493745E+0	-1,972462E-3
4/22/2022  09:49:08,368353	-2,495033E+0	-3,632007E-4
4/22/2022  09:49:08,368603	-2,493101E+0	-1,650609E-3
4/22/2022  09:49:08,368853	-2,495033E+0	-1,328757E-3
4/22/2022  09:49:08,369103	-2,494389E+0	-2,294314E-3
4/22/2022  09:49:08,369353	-2,494067E+0	-2,616166E-3
4/22/2022  09:49:08,369603	-2,495676E+0	-1,006905E-3
4/22/2022  09:49:08,369853	-2,494389E+0	-2,294314E-3
4/22/2022  09:49:08,370103	-2,495354E+0	-6,850528E-4
4/22/2022  09:49:08,370353	-2,492780E+0	-1,328757E-3
4/22/2022  09:49:08,370603	-2,493101E+0	-1,328757E-3
4/22/2022  09:49:08,370853	-2,495998E+0	-4,547279E-3
4/22/2022  09:49:08,371103	-2,494389E+0	-1,650609E-3
4/22/2022  09:49:08,371353	-2,494067E+0	-2,294314E-3
4/22/2022  09:49:08,371603	-2,495676E+0	-2,938018E-3
4/22/2022  09:49:08,371853	-2,493101E+0	-2,938018E-3
4/22/2022  09:49:08,372103	-2,494389E+0	-1,650609E-3
4/22/2022  09:49:08,372353	-2,493745E+0	-6,850528E-4
4/22/2022  09:49:08,372603	-2,494067E+0	-1,972462E-3
4/22/2022  09:49:08,372853	-2,496320E+0	-1,328757E-3
4/22/2022  09:49:08,373103	-2,492458E+0	-2,294314E-3
4/22/2022  09:49:08,373353	-2,493745E+0	-3,903575E-3
4/22/2022  09:49:08,373603	-2,491814E+0	-1,972462E-3
4/22/2022  09:49:08,373853	-2,494067E+0	-6,850528E-4
4/22/2022  09:49:08,374103	-2,494389E+0	-1,006905E-3
4/22/2022  09:49:08,374353	-2,494711E+0	-3,581723E-3
4/22/2022  09:49:08,374603	-2,493423E+0	-2,294314E-3
4/22/2022  09:49:08,374853	-2,493423E+0	-2,616166E-3
4/22/2022  09:49:08,375103	-2,494067E+0	-6,850528E-4
4/22/2022  09:49:08,375353	-2,492136E+0	-2,938018E-3
4/22/2022  09:49:08,375603	-2,492780E+0	-1,328757E-3
4/22/2022  09:49:08,375853	-2,494389E+0	-1,650609E-3
4/22/2022  09:49:08,376103	-2,493423E+0	-2,938018E-3
4/22/2022  09:49:08,376353	-2,496642E+0	-2,938018E-3
4/22/2022  09:49:08,376603	-2,495033E+0	-1,650609E-3
4/22/2022  09:49:08,376853	-2,494389E+0	-2,938018E-3
4/22/2022  09:49:08,377103	-2,493745E+0	-3,581723E-3
4/22/2022  09:49:08,377353	-2,495354E+0	-2,294314E-3
4/22/2022  09:49:08,377603	-2,494067E+0	-2,294314E-3
4/22/2022  09:49:08,377853	-2,493745E+0	-2,294314E-3
4/22/2022  09:49:08,378103	-2,494711E+0	-1,328757E-3
4/22/2022  09:49:08,378353	-2,495033E+0	-2,616166E-3
4/22/2022  09:49:08,378603	-2,494067E+0	-2,938018E-3
4/22/2022  09:49:08,378853	-2,494067E+0	-1,650609E-3
4/22/2022  09:49:08,379103	-2,492780E+0	-2,616166E-3
4/22/2022  09:49:08,379353	-2,494389E+0	-2,616166E-3
4/22/2022  09:49:08,379603	-2,495033E+0	-1,650609E-3
4/22/2022  09:49:08,379853	-2,495033E+0	-2,938018E-3
4/22/2022  09:49:08,380103	-2,493101E+0	-1,972462E-3
4/22/2022  09:49:08,380353	-2,495033E+0	-1,328757E-3
4/22/2022  09:49:08,380603	-2,493101E+0	-1,972462E-3
4/22/2022  09:49:08,380853	-2,494067E+0	-1,328757E-3
4/22/2022  09:49:08,381103	-2,495998E+0	-2,616166E-3
4/22/2022  09:49:08,381353	-2,494389E+0	-3,632007E-4
4/22/2022  09:49:08,381603	-2,493745E+0	-1,650609E-3
4/22/2022  09:49:08,381853	-2,494067E+0	-2,294314E-3
4/22/2022  09:49:08,382103	-2,493745E+0	-2,938018E-3
4/22/2022  09:49:08,382353	-2,493745E+0	-3,259870E-3
4/22/2022  09:49:08,382603	-2,495676E+0	-2,616166E-3
4/22/2022  09:49:08,382853	-2,494389E+0	-1,328757E-3
4/22/2022  09:49:08,383103	-2,494067E+0	-1,650609E-3
4/22/2022  09:49:08,383353	-2,494389E+0	-2,616166E-3
4/22/2022  09:49:08,383603	-2,494711E+0	-1,650609E-3
4/22/2022  09:49:08,383853	-2,492780E+0	-3,903575E-3
4/22/2022  09:49:08,384103	-2,495676E+0	-1,650609E-3
4/22/2022  09:49:08,384353	-2,495033E+0	-1,650609E-3
4/22/2022  09:49:08,384603	-2,493423E+0	-4,134846E-5
4/22/2022  09:49:08,384853	-2,493101E+0	-4,134846E-5
4/22/2022  09:49:08,385103	-2,495033E+0	-1,972462E-3
4/22/2022  09:49:08,385353	-2,494711E+0	-3,259870E-3
4/22/2022  09:49:08,385603	-2,493423E+0	-1,006905E-3
4/22/2022  09:49:08,385853	-2,495354E+0	-2,294314E-3
4/22/2022  09:49:08,386103	-2,494389E+0	-2,294314E-3
4/22/2022  09:49:08,386353	-2,494389E+0	-2,938018E-3
4/22/2022  09:49:08,386603	-2,495033E+0	-1,650609E-3
4/22/2022  09:49:08,386853	-2,494067E+0	-1,972462E-3
4/22/2022  09:49:08,387103	-2,494711E+0	-1,972462E-3
4/22/2022  09:49:08,387353	-2,497929E+0	-3,903575E-3
4/22/2022  09:49:08,387603	-2,494711E+0	-2,294314E-3
4/22/2022  09:49:08,387853	-2,495033E+0	-3,259870E-3
4/22/2022  09:49:08,388103	-2,494711E+0	-1,650609E-3
4/22/2022  09:49:08,388353	-2,494067E+0	-2,294314E-3
4/22/2022  09:49:08,388603	-2,495033E+0	-2,938018E-3
4/22/2022  09:49:08,388853	-2,493745E+0	-1,972462E-3
4/22/2022  09:49:08,389103	-2,494389E+0	-1,650609E-3
4/22/2022  09:49:08,389353	-2,494389E+0	-3,259870E-3
4/22/2022  09:49:08,389603	-2,495998E+0	-2,938018E-3
4/22/2022  09:49:08,389853	-2,493423E+0	-2,616166E-3
4/22/2022  09:49:08,390103	-2,493423E+0	-2,938018E-3
4/22/2022  09:49:08,390353	-2,496642E+0	-2,616166E-3
4/22/2022  09:49:08,390603	-2,494389E+0	-1,972462E-3
4/22/2022  09:49:08,390853	-2,494067E+0	-3,259870E-3
4/22/2022  09:49:08,391103	-2,491170E+0	-4,547279E-3
4/22/2022  09:49:08,391353	-2,493745E+0	-1,650609E-3
4/22/2022  09:49:08,391603	-2,492458E+0	-2,938018E-3
4/22/2022  09:49:08,391853	-2,494711E+0	-1,650609E-3
4/22/2022  09:49:08,392103	-2,495033E+0	-2,616166E-3
4/22/2022  09:49:08,392353	-2,495676E+0	-1,650609E-3
4/22/2022  09:49:08,392603	-2,493101E+0	-3,632007E-4
4/22/2022  09:49:08,392853	-2,495676E+0	2,805037E-4
4/22/2022  09:49:08,393103	-2,494389E+0	-2,938018E-3
4/22/2022  09:49:08,393353	-2,491814E+0	-2,294314E-3
4/22/2022  09:49:08,393603	-2,495033E+0	-6,850528E-4
4/22/2022  09:49:08,393853	-2,494711E+0	-1,328757E-3
4/22/2022  09:49:08,394103	-2,494067E+0	-2,616166E-3
4/22/2022  09:49:08,394353	-2,493423E+0	-1,650609E-3
4/22/2022  09:49:08,394603	-2,493745E+0	-2,616166E-3
4/22/2022  09:49:08,394853	-2,494711E+0	-3,259870E-3
4/22/2022  09:49:08,395103	-2,496320E+0	-3,632007E-4
4/22/2022  09:49:08,395353	-2,492136E+0	-1,650609E-3
4/22/2022  09:49:08,395603	-2,494067E+0	-2,616166E-3
4/22/2022  09:49:08,395853	-2,494067E+0	-1,650609E-3
4/22/2022  09:49:08,396103	-2,494389E+0	-1,972462E-3
4/22/2022  09:49:08,396353	-2,494711E+0	-6,850528E-4
4/22/2022  09:49:08,396603	-2,493101E+0	-2,616166E-3
4/22/2022  09:49:08,396853	-2,495354E+0	-1,650609E-3
4/22/2022  09:49:08,397103	-2,493745E+0	-1,972462E-3
4/22/2022  09:49:08,397353	-2,494389E+0	-2,294314E-3
4/22/2022  09:49:08,397603	-2,492458E+0	-4,225427E-3
4/22/2022  09:49:08,397853	-2,495354E+0	-2,294314E-3
4/22/2022  09:49:08,398103	-2,494389E+0	-2,616166E-3
4/22/2022  09:49:08,398353	-2,492136E+0	-2,938018E-3
4/22/2022  09:49:08,398603	-2,494711E+0	-3,259870E-3
4/22/2022  09:49:08,398853	-2,493101E+0	-2,294314E-3
4/22/2022  09:49:08,399103	-2,493423E+0	-1,972462E-3
4/22/2022  09:49:08,399353	-2,495033E+0	-1,650609E-3
4/22/2022  09:49:08,399603	-2,494067E+0	-3,632007E-4
4/22/2022  09:49:08,399853	-2,494711E+0	-1,650609E-3
4/22/2022  09:49:08,400103	-2,493423E+0	-3,259870E-3
4/22/2022  09:49:08,400353	-2,495033E+0	-1,650609E-3
4/22/2022  09:49:08,400603	-2,493745E+0	-3,903575E-3
4/22/2022  09:49:08,400853	-2,494711E+0	-1,006905E-3
4/22/2022  09:49:08,401103	-2,496320E+0	-6,850528E-4
4/22/2022  09:49:08,401353	-2,494389E+0	-1,328757E-3
4/22/2022  09:49:08,401603	-2,494389E+0	-1,006905E-3
4/22/2022  09:49:08,401853	-2,495354E+0	-1,972462E-3
4/22/2022  09:49:08,402103	-2,496320E+0	-1,972462E-3
4/22/2022  09:49:08,402353	-2,493423E+0	-1,972462E-3
4/22/2022  09:49:08,402603	-2,495676E+0	-1,972462E-3
4/22/2022  09:49:08,402853	-2,494067E+0	-1,972462E-3
4/22/2022  09:49:08,403103	-2,494711E+0	-6,850528E-4
4/22/2022  09:49:08,403353	-2,495676E+0	-5,190984E-3
4/22/2022  09:49:08,403603	-2,494067E+0	-2,294314E-3
4/22/2022  09:49:08,403853	-2,494067E+0	-2,616166E-3
4/22/2022  09:49:08,404103	-2,494711E+0	-1,328757E-3
4/22/2022  09:49:08,404353	-2,495354E+0	-1,328757E-3
4/22/2022  09:49:08,404603	-2,495354E+0	-1,650609E-3
4/22/2022  09:49:08,404853	-2,493101E+0	-1,972462E-3
4/22/2022  09:49:08,405103	-2,494389E+0	-1,972462E-3
4/22/2022  09:49:08,405353	-2,495676E+0	-3,259870E-3
4/22/2022  09:49:08,405603	-2,494711E+0	-1,328757E-3
4/22/2022  09:49:08,405853	-2,492136E+0	-1,328757E-3
4/22/2022  09:49:08,406103	-2,493745E+0	-3,259870E-3
4/22/2022  09:49:08,406353	-2,494711E+0	-2,616166E-3
4/22/2022  09:49:08,406603	-2,493745E+0	-2,294314E-3
4/22/2022  09:49:08,406853	-2,494389E+0	-3,259870E-3
4/22/2022  09:49:08,407103	-2,489883E+0	-3,632007E-4
4/22/2022  09:49:08,407353	2,449909E+0	3,958371E-1
4/22/2022  09:49:08,407603	2,514602E+0	3,150017E-2
4/22/2022  09:49:08,407853	2,518787E+0	5,751991E-3
4/22/2022  09:49:08,408103	2,520718E+0	3,499026E-3
4/22/2022  09:49:08,408353	2,520396E+0	1,889765E-3
4/22/2022  09:49:08,408603	2,521040E+0	6,023559E-4
4/22/2022  09:49:08,408853	2,522971E+0	4,142730E-3
4/22/2022  09:49:08,409103	2,521361E+0	2,855321E-3
4/22/2022  09:49:08,409353	2,523936E+0	2,211617E-3
4/22/2022  09:49:08,409603	2,521683E+0	2,211617E-3
4/22/2022  09:49:08,409853	2,524902E+0	2,533469E-3
4/22/2022  09:49:08,410103	2,524902E+0	1,567913E-3
4/22/2022  09:49:08,410353	2,523614E+0	1,889765E-3
4/22/2022  09:49:08,410603	2,521683E+0	2,211617E-3
4/22/2022  09:49:08,410853	2,522971E+0	3,177174E-3
4/22/2022  09:49:08,411103	2,523936E+0	9,242081E-4
4/22/2022  09:49:08,411353	2,522005E+0	9,242081E-4
4/22/2022  09:49:08,411603	2,522971E+0	3,499026E-3
4/22/2022  09:49:08,411853	2,522971E+0	2,533469E-3
4/22/2022  09:49:08,412103	2,522971E+0	2,211617E-3
4/22/2022  09:49:08,412353	2,521361E+0	2,855321E-3
4/22/2022  09:49:08,412603	2,522649E+0	3,177174E-3
4/22/2022  09:49:08,412853	2,524580E+0	9,242081E-4
4/22/2022  09:49:08,413103	2,522971E+0	1,246060E-3
4/22/2022  09:49:08,413353	2,523614E+0	2,855321E-3
4/22/2022  09:49:08,413603	2,522005E+0	2,211617E-3
4/22/2022  09:49:08,413853	2,522649E+0	3,820878E-3
4/22/2022  09:49:08,414103	2,523293E+0	1,246060E-3
4/22/2022  09:49:08,414353	2,523293E+0	1,889765E-3
4/22/2022  09:49:08,414603	2,523614E+0	1,889765E-3
4/22/2022  09:49:08,414853	2,523614E+0	1,567913E-3
4/22/2022  09:49:08,415103	2,523936E+0	2,855321E-3
4/22/2022  09:49:08,415353	2,523293E+0	1,889765E-3
4/22/2022  09:49:08,415603	2,524580E+0	2,855321E-3
4/22/2022  09:49:08,415853	2,521040E+0	2,533469E-3
4/22/2022  09:49:08,416103	2,523293E+0	9,242081E-4
4/22/2022  09:49:08,416353	2,522327E+0	2,211617E-3
4/22/2022  09:49:08,416603	2,524258E+0	3,177174E-3
4/22/2022  09:49:08,416853	2,523293E+0	9,242081E-4
4/22/2022  09:49:08,417103	2,525224E+0	1,246060E-3
4/22/2022  09:49:08,417353	2,524258E+0	2,211617E-3
4/22/2022  09:49:08,417603	2,523293E+0	3,177174E-3
4/22/2022  09:49:08,417853	2,523293E+0	1,567913E-3
4/22/2022  09:49:08,418103	2,524258E+0	2,211617E-3
4/22/2022  09:49:08,418353	2,523293E+0	3,177174E-3
4/22/2022  09:49:08,418603	2,523936E+0	1,567913E-3
4/22/2022  09:49:08,418853	2,522971E+0	1,567913E-3
4/22/2022  09:49:08,419103	2,524580E+0	2,533469E-3
4/22/2022  09:49:08,419353	2,523614E+0	2,533469E-3
4/22/2022  09:49:08,419603	2,522971E+0	2,855321E-3
4/22/2022  09:49:08,419853	2,522971E+0	1,567913E-3
4/22/2022  09:49:08,420103	2,524258E+0	2,533469E-3
4/22/2022  09:49:08,420353	2,524902E+0	3,499026E-3
4/22/2022  09:49:08,420603	2,523614E+0	3,177174E-3
4/22/2022  09:49:08,420853	2,522005E+0	2,211617E-3
4/22/2022  09:49:08,421103	2,521361E+0	6,023559E-4
4/22/2022  09:49:08,421353	2,523936E+0	1,567913E-3
4/22/2022  09:49:08,421603	2,523936E+0	2,211617E-3
4/22/2022  09:49:08,421853	2,523293E+0	3,177174E-3
4/22/2022  09:49:08,422103	2,522649E+0	1,246060E-3
4/22/2022  09:49:08,422353	2,522649E+0	5,108287E-3
4/22/2022  09:49:08,422603	2,523936E+0	4,142730E-3
4/22/2022  09:49:08,422853	2,522005E+0	2,533469E-3
4/22/2022  09:49:08,423103	2,524258E+0	2,211617E-3
4/22/2022  09:49:08,423353	2,522005E+0	2,533469E-3
4/22/2022  09:49:08,423603	2,523293E+0	3,177174E-3
4/22/2022  09:49:08,423853	2,523293E+0	1,567913E-3
4/22/2022  09:49:08,424103	2,522649E+0	3,499026E-3
4/22/2022  09:49:08,424353	2,522649E+0	1,889765E-3
4/22/2022  09:49:08,424603	2,523293E+0	3,820878E-3
4/22/2022  09:49:08,424853	2,522327E+0	6,023559E-4
4/22/2022  09:49:08,425103	2,524580E+0	1,889765E-3
4/22/2022  09:49:08,425353	2,521683E+0	2,211617E-3
4/22/2022  09:49:08,425603	2,522649E+0	1,567913E-3
4/22/2022  09:49:08,425853	2,522971E+0	1,889765E-3
4/22/2022  09:49:08,426103	2,524258E+0	1,246060E-3
4/22/2022  09:49:08,426353	2,524902E+0	3,177174E-3
4/22/2022  09:49:08,426603	2,523293E+0	1,246060E-3
4/22/2022  09:49:08,426853	2,522327E+0	6,023559E-4
4/22/2022  09:49:08,427103	2,522649E+0	1,889765E-3
4/22/2022  09:49:08,427353	2,524580E+0	1,246060E-3
4/22/2022  09:49:08,427603	2,523936E+0	1,889765E-3
4/22/2022  09:49:08,427853	2,524902E+0	2,533469E-3
4/22/2022  09:49:08,428103	2,522005E+0	1,246060E-3
4/22/2022  09:49:08,428353	2,522649E+0	1,889765E-3
4/22/2022  09:49:08,428603	2,523293E+0	2,533469E-3
4/22/2022  09:49:08,428853	2,523614E+0	9,242081E-4
4/22/2022  09:49:08,429103	2,522327E+0	3,177174E-3
4/22/2022  09:49:08,429353	2,521683E+0	2,533469E-3
4/22/2022  09:49:08,429603	2,522971E+0	1,889765E-3
4/22/2022  09:49:08,429853	2,523293E+0	1,567913E-3
4/22/2022  09:49:08,430103	2,523293E+0	2,855321E-3
4/22/2022  09:49:08,430353	2,522327E+0	2,211617E-3
4/22/2022  09:49:08,430603	2,523614E+0	9,242081E-4
4/22/2022  09:49:08,430853	2,524580E+0	2,855321E-3
4/22/2022  09:49:08,431103	2,523614E+0	2,533469E-3
4/22/2022  09:49:08,431353	2,522649E+0	1,567913E-3
4/22/2022  09:49:08,431603	2,524258E+0	3,177174E-3
4/22/2022  09:49:08,431853	2,522649E+0	2,211617E-3
4/22/2022  09:49:08,432103	2,522649E+0	2,533469E-3
4/22/2022  09:49:08,432353	2,523614E+0	2,211617E-3
4/22/2022  09:49:08,432603	2,523293E+0	2,855321E-3
4/22/2022  09:49:08,432853	2,523614E+0	2,211617E-3
4/22/2022  09:49:08,433103	2,523293E+0	1,567913E-3
4/22/2022  09:49:08,433353	2,522649E+0	2,211617E-3
4/22/2022  09:49:08,433603	2,522971E+0	3,177174E-3
4/22/2022  09:49:08,433853	2,522005E+0	2,211617E-3
4/22/2022  09:49:08,434103	2,524258E+0	2,211617E-3
4/22/2022  09:49:08,434353	2,521683E+0	4,142730E-3
4/22/2022  09:49:08,434603	2,523936E+0	3,820878E-3
4/22/2022  09:49:08,434853	2,523293E+0	2,211617E-3
4/22/2022  09:49:08,435103	2,523936E+0	2,533469E-3
4/22/2022  09:49:08,435353	2,523293E+0	1,889765E-3
4/22/2022  09:49:08,435603	2,523936E+0	2,211617E-3
4/22/2022  09:49:08,435853	2,524902E+0	2,211617E-3
4/22/2022  09:49:08,436103	2,523936E+0	2,855321E-3
4/22/2022  09:49:08,436353	2,520396E+0	1,889765E-3
4/22/2022  09:49:08,436603	2,522649E+0	1,889765E-3
4/22/2022  09:49:08,436853	2,522971E+0	4,142730E-3
4/22/2022  09:49:08,437103	2,525546E+0	-6,850528E-4
4/22/2022  09:49:08,437353	2,525224E+0	4,464582E-3
4/22/2022  09:49:08,437603	2,523614E+0	3,499026E-3
4/22/2022  09:49:08,437853	2,521683E+0	4,464582E-3
4/22/2022  09:49:08,438103	2,524258E+0	1,889765E-3
4/22/2022  09:49:08,438353	2,524902E+0	2,855321E-3
4/22/2022  09:49:08,438603	2,522649E+0	2,855321E-3
4/22/2022  09:49:08,438853	2,522971E+0	1,246060E-3
4/22/2022  09:49:08,439103	2,522971E+0	1,246060E-3
4/22/2022  09:49:08,439353	2,522971E+0	2,855321E-3
4/22/2022  09:49:08,439603	2,524902E+0	1,889765E-3
4/22/2022  09:49:08,439853	2,522971E+0	3,499026E-3
4/22/2022  09:49:08,440103	2,522649E+0	3,177174E-3
4/22/2022  09:49:08,440353	2,523614E+0	1,889765E-3
4/22/2022  09:49:08,440603	2,521040E+0	2,533469E-3
4/22/2022  09:49:08,440853	2,522005E+0	2,855321E-3
4/22/2022  09:49:08,441103	2,523293E+0	9,242081E-4
4/22/2022  09:49:08,441353	2,523293E+0	3,177174E-3
4/22/2022  09:49:08,441603	2,523936E+0	2,211617E-3
4/22/2022  09:49:08,441853	2,521361E+0	2,211617E-3
4/22/2022  09:49:08,442103	2,522005E+0	6,023559E-4
4/22/2022  09:49:08,442353	2,523936E+0	2,805037E-4
4/22/2022  09:49:08,442603	2,522327E+0	2,533469E-3
4/22/2022  09:49:08,442853	2,523614E+0	4,142730E-3
4/22/2022  09:49:08,443103	2,522649E+0	2,533469E-3
4/22/2022  09:49:08,443353	2,524258E+0	2,211617E-3
4/22/2022  09:49:08,443603	2,524580E+0	1,889765E-3
4/22/2022  09:49:08,443853	2,526189E+0	9,242081E-4
4/22/2022  09:49:08,444103	2,522649E+0	1,246060E-3
4/22/2022  09:49:08,444353	2,522005E+0	1,567913E-3
4/22/2022  09:49:08,444603	2,522327E+0	3,499026E-3
4/22/2022  09:49:08,444853	2,522649E+0	3,499026E-3
4/22/2022  09:49:08,445103	2,523936E+0	2,533469E-3
4/22/2022  09:49:08,445353	2,523936E+0	2,211617E-3
4/22/2022  09:49:08,445603	2,524580E+0	3,820878E-3
4/22/2022  09:49:08,445853	2,522971E+0	2,533469E-3
4/22/2022  09:49:08,446103	2,522971E+0	3,177174E-3
4/22/2022  09:49:08,446353	2,523293E+0	9,242081E-4
4/22/2022  09:49:08,446603	2,524258E+0	2,533469E-3
4/22/2022  09:49:08,446853	2,524258E+0	4,464582E-3
4/22/2022  09:49:08,447103	2,524902E+0	2,533469E-3
4/22/2022  09:49:08,447353	2,523936E+0	3,820878E-3
4/22/2022  09:49:08,447603	2,523293E+0	3,177174E-3
4/22/2022  09:49:08,447853	2,524580E+0	2,533469E-3
4/22/2022  09:49:08,448103	2,523614E+0	9,242081E-4
4/22/2022  09:49:08,448353	2,524580E+0	2,533469E-3
4/22/2022  09:49:08,448603	2,523936E+0	2,855321E-3
4/22/2022  09:49:08,448853	2,523614E+0	1,246060E-3
4/22/2022  09:49:08,449103	2,524580E+0	1,889765E-3
4/22/2022  09:49:08,449353	2,521683E+0	1,246060E-3
4/22/2022  09:49:08,449603	2,522971E+0	2,533469E-3
4/22/2022  09:49:08,449853	2,524580E+0	6,023559E-4
4/22/2022  09:49:08,450103	2,521683E+0	2,211617E-3
4/22/2022  09:49:08,450353	2,523614E+0	2,211617E-3
4/22/2022  09:49:08,450603	2,523614E+0	9,242081E-4
4/22/2022  09:49:08,450853	2,522971E+0	3,177174E-3
4/22/2022  09:49:08,451103	2,524902E+0	1,889765E-3
4/22/2022  09:49:08,451353	2,524258E+0	2,855321E-3
4/22/2022  09:49:08,451603	2,525224E+0	9,242081E-4
4/22/2022  09:49:08,451853	2,522649E+0	2,211617E-3
4/22/2022  09:49:08,452103	2,523614E+0	1,246060E-3
4/22/2022  09:49:08,452353	2,523936E+0	1,246060E-3
4/22/2022  09:49:08,452603	2,523936E+0	2,855321E-3
4/22/2022  09:49:08,452853	2,522971E+0	1,246060E-3
4/22/2022  09:49:08,453103	2,522649E+0	3,499026E-3
4/22/2022  09:49:08,453353	2,523614E+0	2,533469E-3
4/22/2022  09:49:08,453603	2,522649E+0	2,211617E-3
4/22/2022  09:49:08,453853	2,522649E+0	2,211617E-3
4/22/2022  09:49:08,454103	2,522327E+0	3,820878E-3
4/22/2022  09:49:08,454353	2,524580E+0	2,805037E-4
4/22/2022  09:49:08,454603	2,524258E+0	2,855321E-3
4/22/2022  09:49:08,454853	2,522971E+0	2,533469E-3
4/22/2022  09:49:08,455103	2,522971E+0	1,246060E-3
4/22/2022  09:49:08,455353	2,524580E+0	1,567913E-3
4/22/2022  09:49:08,455603	2,522649E+0	2,855321E-3
4/22/2022  09:49:08,455853	2,521683E+0	2,533469E-3
4/22/2022  09:49:08,456103	2,524902E+0	1,889765E-3
4/22/2022  09:49:08,456353	2,523936E+0	2,533469E-3
4/22/2022  09:49:08,456603	2,521683E+0	1,246060E-3
4/22/2022  09:49:08,456853	2,519752E+0	2,211617E-3
4/22/2022  09:49:08,457103	-2,443858E+0	-2,903519E-1
4/22/2022  09:49:08,457353	-2,489883E+0	-2,611138E-2
4/22/2022  09:49:08,457603	-2,493423E+0	-1,650609E-3
4/22/2022  09:49:08,457853	-2,495676E+0	-2,294314E-3
4/22/2022  09:49:08,458103	-2,494067E+0	-1,650609E-3
4/22/2022  09:49:08,458353	-2,495033E+0	-2,938018E-3
4/22/2022  09:49:08,458603	-2,494067E+0	-2,616166E-3
4/22/2022  09:49:08,458853	-2,494711E+0	-1,328757E-3
4/22/2022  09:49:08,459103	-2,496642E+0	-4,134846E-5
4/22/2022  09:49:08,459353	-2,495676E+0	-1,972462E-3
4/22/2022  09:49:08,459603	-2,495998E+0	-1,328757E-3
4/22/2022  09:49:08,459853	-2,494067E+0	-1,650609E-3
4/22/2022  09:49:08,460103	-2,494389E+0	-1,006905E-3
4/22/2022  09:49:08,460353	-2,494067E+0	-2,938018E-3
4/22/2022  09:49:08,460603	-2,494067E+0	-2,616166E-3
4/22/2022  09:49:08,460853	-2,492780E+0	-3,903575E-3
4/22/2022  09:49:08,461103	-2,494067E+0	-1,650609E-3
4/22/2022  09:49:08,461353	-2,494067E+0	-1,972462E-3
4/22/2022  09:49:08,461603	-2,494389E+0	-2,294314E-3
4/22/2022  09:49:08,461853	-2,494067E+0	-3,581723E-3
4/22/2022  09:49:08,462103	-2,491170E+0	-1,328757E-3
4/22/2022  09:49:08,462353	-2,494067E+0	-1,006905E-3
4/22/2022  09:49:08,462603	-2,494067E+0	-2,616166E-3
4/22/2022  09:49:08,462853	-2,493101E+0	-1,006905E-3
4/22/2022  09:49:08,463103	-2,494067E+0	-1,972462E-3
4/22/2022  09:49:08,463353	-2,492136E+0	-1,006905E-3
4/22/2022  09:49:08,463603	-2,494711E+0	-3,259870E-3
4/22/2022  09:49:08,463853	-2,493423E+0	-1,328757E-3
4/22/2022  09:49:08,464103	-2,494389E+0	-6,850528E-4
4/22/2022  09:49:08,464353	-2,491492E+0	-2,938018E-3
4/22/2022  09:49:08,464603	-2,493423E+0	-6,850528E-4
4/22/2022  09:49:08,464853	-2,494711E+0	-2,616166E-3
4/22/2022  09:49:08,465103	-2,492458E+0	-2,294314E-3
4/22/2022  09:49:08,465353	-2,493745E+0	-1,650609E-3
4/22/2022  09:49:08,465603	-2,492780E+0	-2,294314E-3
4/22/2022  09:49:08,465853	-2,493745E+0	-2,938018E-3
4/22/2022  09:49:08,466103	-2,495354E+0	-1,972462E-3
4/22/2022  09:49:08,466353	-2,495354E+0	-2,616166E-3
4/22/2022  09:49:08,466603	-2,494067E+0	-2,616166E-3
4/22/2022  09:49:08,466853	-2,493745E+0	-3,581723E-3
4/22/2022  09:49:08,467103	-2,495033E+0	-3,581723E-3
4/22/2022  09:49:08,467353	-2,493423E+0	-1,650609E-3
4/22/2022  09:49:08,467603	-2,494389E+0	-1,972462E-3
4/22/2022  09:49:08,467853	-2,494711E+0	-3,632007E-4
4/22/2022  09:49:08,468103	-2,493101E+0	-4,547279E-3
4/22/2022  09:49:08,468353	-2,493423E+0	-2,616166E-3
4/22/2022  09:49:08,468603	-2,493101E+0	-2,294314E-3
4/22/2022  09:49:08,468853	-2,493745E+0	-3,581723E-3
4/22/2022  09:49:08,469103	-2,495033E+0	-1,006905E-3
4/22/2022  09:49:08,469353	-2,494711E+0	-1,650609E-3
4/22/2022  09:49:08,469603	-2,494067E+0	-1,972462E-3
4/22/2022  09:49:08,469853	-2,495676E+0	-1,972462E-3
4/22/2022  09:49:08,470103	-2,495354E+0	-1,972462E-3
4/22/2022  09:49:08,470353	-2,494711E+0	-2,938018E-3
4/22/2022  09:49:08,470603	-2,494067E+0	-1,972462E-3
4/22/2022  09:49:08,470853	-2,492458E+0	-2,294314E-3
4/22/2022  09:49:08,471103	-2,493101E+0	-1,328757E-3
4/22/2022  09:49:08,471353	-2,493423E+0	-2,938018E-3
4/22/2022  09:49:08,471603	-2,494711E+0	-1,328757E-3
4/22/2022  09:49:08,471853	-2,494389E+0	-1,650609E-3
4/22/2022  09:49:08,472103	-2,493745E+0	-1,328757E-3
4/22/2022  09:49:08,472353	-2,493745E+0	-2,616166E-3
4/22/2022  09:49:08,472603	-2,493745E+0	-1,972462E-3
4/22/2022  09:49:08,472853	-2,494389E+0	-2,938018E-3
4/22/2022  09:49:08,473103	-2,495676E+0	-2,294314E-3
4/22/2022  09:49:08,473353	-2,493423E+0	-1,972462E-3
4/22/2022  09:49:08,473603	-2,492780E+0	-2,938018E-3
4/22/2022  09:49:08,473853	-2,495676E+0	-1,972462E-3
4/22/2022  09:49:08,474103	-2,493423E+0	-2,294314E-3
4/22/2022  09:49:08,474353	-2,495354E+0	-2,616166E-3
4/22/2022  09:49:08,474603	-2,494389E+0	-1,650609E-3
4/22/2022  09:49:08,474853	-2,494389E+0	-1,972462E-3
4/22/2022  09:49:08,475103	-2,494389E+0	-1,328757E-3
4/22/2022  09:49:08,475353	-2,493101E+0	-2,938018E-3
4/22/2022  09:49:08,475603	-2,494389E+0	-2,616166E-3
4/22/2022  09:49:08,475853	-2,494067E+0	-2,616166E-3
4/22/2022  09:49:08,476103	-2,493101E+0	-6,850528E-4
4/22/2022  09:49:08,476353	-2,494711E+0	-1,650609E-3
4/22/2022  09:49:08,476603	-2,492780E+0	-2,294314E-3
4/22/2022  09:49:08,476853	-2,495998E+0	-2,294314E-3
4/22/2022  09:49:08,477103	-2,494067E+0	-1,972462E-3
4/22/2022  09:49:08,477353	-2,493745E+0	-2,294314E-3
4/22/2022  09:49:08,477603	-2,493101E+0	-2,938018E-3
4/22/2022  09:49:08,477853	-2,492458E+0	-3,259870E-3
4/22/2022  09:49:08,478103	-2,494067E+0	-3,259870E-3
4/22/2022  09:49:08,478353	-2,494067E+0	-1,006905E-3
4/22/2022  09:49:08,478603	-2,491814E+0	-1,328757E-3
4/22/2022  09:49:08,478853	-2,493423E+0	-2,616166E-3
4/22/2022  09:49:08,479103	-2,494067E+0	-1,650609E-3
4/22/2022  09:49:08,479353	-2,494389E+0	-1,650609E-3
4/22/2022  09:49:08,479603	-2,493423E+0	-2,938018E-3
4/22/2022  09:49:08,479853	-2,495676E+0	-1,006905E-3
4/22/2022  09:49:08,480103	-2,493423E+0	-2,294314E-3
4/22/2022  09:49:08,480353	-2,493101E+0	-3,581723E-3
4/22/2022  09:49:08,480603	-2,493423E+0	-1,006905E-3
4/22/2022  09:49:08,480853	-2,492780E+0	-4,225427E-3
4/22/2022  09:49:08,481103	-2,492458E+0	-2,294314E-3
4/22/2022  09:49:08,481353	-2,494389E+0	-4,225427E-3
4/22/2022  09:49:08,481603	-2,495354E+0	-6,850528E-4
4/22/2022  09:49:08,481853	-2,496964E+0	-1,328757E-3
4/22/2022  09:49:08,482103	-2,492780E+0	-1,972462E-3
4/22/2022  09:49:08,482353	-2,492780E+0	-3,903575E-3
4/22/2022  09:49:08,482603	-2,493101E+0	-1,328757E-3
4/22/2022  09:49:08,482853	-2,494389E+0	-2,294314E-3
4/22/2022  09:49:08,483103	-2,495033E+0	-2,616166E-3
4/22/2022  09:49:08,483353	-2,492780E+0	-3,632007E-4
4/22/2022  09:49:08,483603	-2,493745E+0	-2,616166E-3
4/22/2022  09:49:08,483853	-2,493745E+0	-1,972462E-3
4/22/2022  09:49:08,484103	-2,494711E+0	-1,650609E-3
4/22/2022  09:49:08,484353	-2,492780E+0	-1,972462E-3
4/22/2022  09:49:08,484603	-2,494067E+0	-2,616166E-3
4/22/2022  09:49:08,484853	-2,494389E+0	-2,938018E-3
4/22/2022  09:49:08,485103	-2,493423E+0	-1,006905E-3
4/22/2022  09:49:08,485353	-2,494711E+0	-3,259870E-3
4/22/2022  09:49:08,485603	-2,492458E+0	-3,259870E-3
4/22/2022  09:49:08,485853	-2,494711E+0	-1,006905E-3
4/22/2022  09:49:08,486103	-2,493745E+0	-2,938018E-3
4/22/2022  09:49:08,486353	-2,493101E+0	-3,259870E-3
4/22/2022  09:49:08,486603	-2,492780E+0	-1,006905E-3
4/22/2022  09:49:08,486853	-2,495998E+0	-1,650609E-3
4/22/2022  09:49:08,487103	-2,493101E+0	-3,581723E-3
4/22/2022  09:49:08,487353	-2,493101E+0	-2,294314E-3
4/22/2022  09:49:08,487603	-2,494389E+0	-2,294314E-3
4/22/2022  09:49:08,487853	-2,493101E+0	-2,616166E-3
4/22/2022  09:49:08,488103	-2,494389E+0	-4,134846E-5
4/22/2022  09:49:08,488353	-2,496320E+0	-3,259870E-3
4/22/2022  09:49:08,488603	-2,495676E+0	-1,972462E-3
4/22/2022  09:49:08,488853	-2,495998E+0	-1,328757E-3
4/22/2022  09:49:08,489103	-2,494067E+0	-1,006905E-3
4/22/2022  09:49:08,489353	-2,493745E+0	-2,938018E-3
4/22/2022  09:49:08,489603	-2,492136E+0	-2,938018E-3
4/22/2022  09:49:08,489853	-2,494389E+0	-2,294314E-3
4/22/2022  09:49:08,490103	-2,496320E+0	-1,972462E-3
4/22/2022  09:49:08,490353	-2,494067E+0	-2,616166E-3
4/22/2022  09:49:08,490603	-2,494711E+0	-6,850528E-4
4/22/2022  09:49:08,490853	-2,495033E+0	-2,294314E-3
4/22/2022  09:49:08,491103	-2,494389E+0	-2,616166E-3
4/22/2022  09:49:08,491353	-2,493101E+0	-1,328757E-3
4/22/2022  09:49:08,491603	-2,494389E+0	-1,972462E-3
4/22/2022  09:49:08,491853	-2,494389E+0	-6,850528E-4
4/22/2022  09:49:08,492103	-2,494389E+0	-2,616166E-3
4/22/2022  09:49:08,492353	-2,493423E+0	-2,294314E-3
4/22/2022  09:49:08,492603	-2,495676E+0	-1,650609E-3
4/22/2022  09:49:08,492853	-2,495033E+0	-2,294314E-3
4/22/2022  09:49:08,493103	-2,494389E+0	-1,650609E-3
4/22/2022  09:49:08,493353	-2,494389E+0	-2,616166E-3
4/22/2022  09:49:08,493603	-2,494711E+0	-2,294314E-3
4/22/2022  09:49:08,493853	-2,494067E+0	-2,616166E-3
4/22/2022  09:49:08,494103	-2,493745E+0	-1,328757E-3
4/22/2022  09:49:08,494353	-2,494389E+0	-2,294314E-3
4/22/2022  09:49:08,494603	-2,492136E+0	-2,616166E-3
4/22/2022  09:49:08,494853	-2,494067E+0	-2,938018E-3
4/22/2022  09:49:08,495103	-2,495354E+0	-1,650609E-3
4/22/2022  09:49:08,495353	-2,495998E+0	-3,632007E-4
4/22/2022  09:49:08,495603	-2,492136E+0	-2,616166E-3
4/22/2022  09:49:08,495853	-2,494389E+0	-1,650609E-3
4/22/2022  09:49:08,496103	-2,492458E+0	-1,328757E-3
4/22/2022  09:49:08,496353	-2,493745E+0	-1,972462E-3
4/22/2022  09:49:08,496603	-2,492458E+0	-1,328757E-3
4/22/2022  09:49:08,496853	-2,494711E+0	-2,616166E-3
4/22/2022  09:49:08,497103	-2,493101E+0	-4,134846E-5
4/22/2022  09:49:08,497353	-2,491492E+0	-6,850528E-4
4/22/2022  09:49:08,497603	-2,495998E+0	-1,972462E-3
4/22/2022  09:49:08,497853	-2,493101E+0	-2,616166E-3
4/22/2022  09:49:08,498103	-2,494711E+0	-1,006905E-3
4/22/2022  09:49:08,498353	-2,495354E+0	-1,972462E-3
4/22/2022  09:49:08,498603	-2,493423E+0	-3,259870E-3
4/22/2022  09:49:08,498853	-2,495354E+0	-1,972462E-3
4/22/2022  09:49:08,499103	-2,493745E+0	-3,259870E-3
4/22/2022  09:49:08,499353	-2,493745E+0	-1,650609E-3
4/22/2022  09:49:08,499603	-2,493745E+0	-1,972462E-3
4/22/2022  09:49:08,499853	-2,495033E+0	-1,328757E-3
4/22/2022  09:49:08,500103	-2,495676E+0	-2,938018E-3
4/22/2022  09:49:08,500353	-2,493101E+0	-1,972462E-3
4/22/2022  09:49:08,500603	-2,495033E+0	-3,259870E-3
4/22/2022  09:49:08,500853	-2,496320E+0	-2,938018E-3
4/22/2022  09:49:08,501103	-2,493101E+0	-1,328757E-3
4/22/2022  09:49:08,501353	-2,494711E+0	-1,650609E-3
4/22/2022  09:49:08,501603	-2,494067E+0	-1,972462E-3
4/22/2022  09:49:08,501853	-2,495354E+0	-2,938018E-3
4/22/2022  09:49:08,502103	-2,494389E+0	-1,328757E-3
4/22/2022  09:49:08,502353	-2,493423E+0	-1,972462E-3
4/22/2022  09:49:08,502603	-2,494067E+0	-1,972462E-3
4/22/2022  09:49:08,502853	-2,495033E+0	-1,328757E-3
4/22/2022  09:49:08,503103	-2,494389E+0	-1,006905E-3
4/22/2022  09:49:08,503353	-2,494711E+0	-2,938018E-3
4/22/2022  09:49:08,503603	-2,491170E+0	-1,650609E-3
4/22/2022  09:49:08,503853	-2,495033E+0	-1,972462E-3
4/22/2022  09:49:08,504103	-2,493423E+0	-2,938018E-3
4/22/2022  09:49:08,504353	-2,491492E+0	-3,632007E-4
4/22/2022  09:49:08,504603	-2,492458E+0	-2,294314E-3
4/22/2022  09:49:08,504853	-2,493101E+0	-1,650609E-3
4/22/2022  09:49:08,505103	-2,494067E+0	-1,972462E-3
4/22/2022  09:49:08,505353	-2,494389E+0	-1,006905E-3
4/22/2022  09:49:08,505603	-2,493745E+0	-1,650609E-3
4/22/2022  09:49:08,505853	-2,492780E+0	-3,259870E-3
4/22/2022  09:49:08,506103	-2,495354E+0	-1,328757E-3
4/22/2022  09:49:08,506353	-2,495033E+0	-1,972462E-3
4/22/2022  09:49:08,506603	-2,456410E+0	1,154533E-2
4/22/2022  09:49:08,506853	2,486923E+0	1,763337E-1
4/22/2022  09:49:08,507103	2,515890E+0	1,540756E-2
4/22/2022  09:49:08,507353	2,519752E+0	4,464582E-3
4/22/2022  09:49:08,507603	2,520396E+0	4,142730E-3
4/22/2022  09:49:08,507853	2,519108E+0	2,211617E-3
4/22/2022  09:49:08,508103	2,521361E+0	2,533469E-3
4/22/2022  09:49:08,508353	2,522005E+0	2,855321E-3
4/22/2022  09:49:08,508603	2,523614E+0	1,567913E-3
4/22/2022  09:49:08,508853	2,521040E+0	2,211617E-3
4/22/2022  09:49:08,509103	2,522327E+0	3,177174E-3
4/22/2022  09:49:08,509353	2,521361E+0	1,889765E-3
4/22/2022  09:49:08,509603	2,522649E+0	1,889765E-3
4/22/2022  09:49:08,509853	2,522971E+0	2,211617E-3
4/22/2022  09:49:08,510103	2,524580E+0	9,242081E-4
4/22/2022  09:49:08,510353	2,522005E+0	1,246060E-3
4/22/2022  09:49:08,510603	2,524258E+0	2,211617E-3
4/22/2022  09:49:08,510853	2,523614E+0	1,567913E-3
4/22/2022  09:49:08,511103	2,522327E+0	2,211617E-3
4/22/2022  09:49:08,511353	2,523293E+0	3,820878E-3
4/22/2022  09:49:08,511603	2,522327E+0	1,889765E-3
4/22/2022  09:49:08,511853	2,521683E+0	1,246060E-3
4/22/2022  09:49:08,512103	2,523614E+0	1,246060E-3
4/22/2022  09:49:08,512353	2,525224E+0	2,211617E-3
4/22/2022  09:49:08,512603	2,521040E+0	4,142730E-3
4/22/2022  09:49:08,512853	2,524258E+0	1,889765E-3
4/22/2022  09:49:08,513103	2,522649E+0	6,023559E-4
4/22/2022  09:49:08,513353	2,523293E+0	1,567913E-3
4/22/2022  09:49:08,513603	2,523614E+0	2,211617E-3
4/22/2022  09:49:08,513853	2,523293E+0	2,533469E-3
4/22/2022  09:49:08,514103	2,525546E+0	4,786434E-3
4/22/2022  09:49:08,514353	2,524258E+0	3,499026E-3
4/22/2022  09:49:08,514603	2,522005E+0	1,889765E-3
4/22/2022  09:49:08,514853	2,523936E+0	2,533469E-3
4/22/2022  09:49:08,515103	2,522005E+0	6,023559E-4
4/22/2022  09:49:08,515353	2,523936E+0	2,211617E-3
4/22/2022  09:49:08,515603	2,522327E+0	1,889765E-3
4/22/2022  09:49:08,515853	2,523614E+0	2,805037E-4
4/22/2022  09:49:08,516103	2,523293E+0	2,211617E-3
4/22/2022  09:49:08,516353	2,524580E+0	3,177174E-3
4/22/2022  09:49:08,516603	2,522649E+0	3,499026E-3
4/22/2022  09:49:08,516853	2,524580E+0	1,889765E-3
4/22/2022  09:49:08,517103	2,523293E+0	2,855321E-3
4/22/2022  09:49:08,517353	2,523614E+0	1,889765E-3
4/22/2022  09:49:08,517603	2,521361E+0	1,246060E-3
4/22/2022  09:49:08,517853	2,521361E+0	3,499026E-3
4/22/2022  09:49:08,518103	2,522327E+0	1,889765E-3
4/22/2022  09:49:08,518353	2,522649E+0	2,855321E-3
4/22/2022  09:49:08,518603	2,523614E+0	3,177174E-3
4/22/2022  09:49:08,518853	2,523936E+0	1,567913E-3
4/22/2022  09:49:08,519103	2,523936E+0	2,855321E-3
4/22/2022  09:49:08,519353	2,521683E+0	1,567913E-3
4/22/2022  09:49:08,519603	2,522971E+0	2,533469E-3
4/22/2022  09:49:08,519853	2,523293E+0	1,889765E-3
4/22/2022  09:49:08,520103	2,522649E+0	4,142730E-3
4/22/2022  09:49:08,520353	2,522649E+0	1,567913E-3
4/22/2022  09:49:08,520603	2,521683E+0	6,023559E-4
4/22/2022  09:49:08,520853	2,522649E+0	2,855321E-3
4/22/2022  09:49:08,521103	2,523614E+0	4,142730E-3
4/22/2022  09:49:08,521353	2,522327E+0	1,567913E-3
4/22/2022  09:49:08,521603	2,524258E+0	1,889765E-3
4/22/2022  09:49:08,521853	2,522971E+0	1,889765E-3
4/22/2022  09:49:08,522103	2,522649E+0	2,855321E-3
4/22/2022  09:49:08,522353	2,523293E+0	2,533469E-3
4/22/2022  09:49:08,522603	2,523614E+0	2,855321E-3
4/22/2022  09:49:08,522853	2,523293E+0	9,242081E-4
4/22/2022  09:49:08,523103	2,522649E+0	2,211617E-3
4/22/2022  09:49:08,523353	2,522327E+0	1,246060E-3
4/22/2022  09:49:08,523603	2,522649E+0	3,177174E-3
4/22/2022  09:49:08,523853	2,523293E+0	2,855321E-3
4/22/2022  09:49:08,524103	2,523936E+0	9,242081E-4
4/22/2022  09:49:08,524353	2,523936E+0	9,242081E-4
4/22/2022  09:49:08,524603	2,522649E+0	2,855321E-3
4/22/2022  09:49:08,524853	2,522327E+0	1,567913E-3
4/22/2022  09:49:08,525103	2,524902E+0	1,889765E-3
4/22/2022  09:49:08,525353	2,522649E+0	2,855321E-3
4/22/2022  09:49:08,525603	2,524580E+0	3,499026E-3
4/22/2022  09:49:08,525853	2,523936E+0	9,242081E-4
4/22/2022  09:49:08,526103	2,522649E+0	6,023559E-4
4/22/2022  09:49:08,526353	2,521040E+0	1,889765E-3
4/22/2022  09:49:08,526603	2,521040E+0	4,142730E-3
4/22/2022  09:49:08,526853	2,522005E+0	2,211617E-3
4/22/2022  09:49:08,527103	2,521683E+0	1,889765E-3
4/22/2022  09:49:08,527353	2,522971E+0	3,820878E-3
4/22/2022  09:49:08,527603	2,522649E+0	2,855321E-3
4/22/2022  09:49:08,527853	2,522005E+0	6,023559E-4
4/22/2022  09:49:08,528103	2,522649E+0	9,242081E-4
4/22/2022  09:49:08,528353	2,522971E+0	2,855321E-3
4/22/2022  09:49:08,528603	2,522327E+0	2,855321E-3
4/22/2022  09:49:08,528853	2,522649E+0	1,889765E-3
4/22/2022  09:49:08,529103	2,523293E+0	2,211617E-3
4/22/2022  09:49:08,529353	2,521683E+0	2,211617E-3
4/22/2022  09:49:08,529603	2,523293E+0	3,177174E-3
4/22/2022  09:49:08,529853	2,522327E+0	2,855321E-3
4/22/2022  09:49:08,530103	2,524258E+0	1,889765E-3
4/22/2022  09:49:08,530353	2,522649E+0	1,567913E-3
4/22/2022  09:49:08,530603	2,522971E+0	2,211617E-3
4/22/2022  09:49:08,530853	2,524902E+0	2,211617E-3
4/22/2022  09:49:08,531103	2,523293E+0	2,211617E-3
4/22/2022  09:49:08,531353	2,522649E+0	2,855321E-3
4/22/2022  09:49:08,531603	2,524580E+0	2,533469E-3
4/22/2022  09:49:08,531853	2,523936E+0	2,855321E-3
4/22/2022  09:49:08,532103	2,523614E+0	1,889765E-3
4/22/2022  09:49:08,532353	2,521361E+0	2,805037E-4
4/22/2022  09:49:08,532603	2,525546E+0	2,855321E-3
4/22/2022  09:49:08,532853	2,521683E+0	1,567913E-3
4/22/2022  09:49:08,533103	2,522327E+0	2,211617E-3
4/22/2022  09:49:08,533353	2,523293E+0	9,242081E-4
4/22/2022  09:49:08,533603	2,524258E+0	1,246060E-3
4/22/2022  09:49:08,533853	2,524258E+0	3,177174E-3
4/22/2022  09:49:08,534103	2,522649E+0	1,246060E-3
4/22/2022  09:49:08,534353	2,522971E+0	2,533469E-3
4/22/2022  09:49:08,534603	2,523293E+0	4,142730E-3
4/22/2022  09:49:08,534853	2,524258E+0	1,567913E-3
4/22/2022  09:49:08,535103	2,523293E+0	2,211617E-3
4/22/2022  09:49:08,535353	2,523293E+0	2,855321E-3
4/22/2022  09:49:08,535603	2,522005E+0	-4,134846E-5
4/22/2022  09:49:08,535853	2,522327E+0	1,567913E-3
4/22/2022  09:49:08,536103	2,522971E+0	1,246060E-3
4/22/2022  09:49:08,536353	2,523936E+0	2,533469E-3
4/22/2022  09:49:08,536603	2,525546E+0	1,246060E-3
4/22/2022  09:49:08,536853	2,521683E+0	3,499026E-3
4/22/2022  09:49:08,537103	2,524258E+0	1,567913E-3
4/22/2022  09:49:08,537353	2,521040E+0	3,820878E-3
4/22/2022  09:49:08,537603	2,523293E+0	2,533469E-3
4/22/2022  09:49:08,537853	2,521683E+0	9,242081E-4
4/22/2022  09:49:08,538103	2,522649E+0	2,855321E-3
4/22/2022  09:49:08,538353	2,523936E+0	1,246060E-3
4/22/2022  09:49:08,538603	2,522327E+0	2,533469E-3
4/22/2022  09:49:08,538853	2,524580E+0	2,805037E-4
4/22/2022  09:49:08,539103	2,522971E+0	3,499026E-3
4/22/2022  09:49:08,539353	2,522327E+0	2,855321E-3
4/22/2022  09:49:08,539603	2,522327E+0	1,889765E-3
4/22/2022  09:49:08,539853	2,522327E+0	1,889765E-3
4/22/2022  09:49:08,540103	2,522327E+0	4,142730E-3
4/22/2022  09:49:08,540353	2,521361E+0	2,211617E-3
4/22/2022  09:49:08,540603	2,521683E+0	2,533469E-3
4/22/2022  09:49:08,540853	2,520718E+0	2,211617E-3
4/22/2022  09:49:08,541103	2,523293E+0	3,177174E-3
4/22/2022  09:49:08,541353	2,522971E+0	1,889765E-3
4/22/2022  09:49:08,541603	2,521361E+0	6,023559E-4
4/22/2022  09:49:08,541853	2,523293E+0	1,889765E-3
4/22/2022  09:49:08,542103	2,522327E+0	2,855321E-3
4/22/2022  09:49:08,542353	2,522327E+0	3,820878E-3
4/22/2022  09:49:08,542603	2,522649E+0	6,023559E-4
4/22/2022  09:49:08,542853	2,523936E+0	2,211617E-3
4/22/2022  09:49:08,543103	2,522327E+0	4,142730E-3
4/22/2022  09:49:08,543353	2,522327E+0	2,855321E-3
4/22/2022  09:49:08,543603	2,524580E+0	2,533469E-3
4/22/2022  09:49:08,543853	2,522649E+0	1,567913E-3
4/22/2022  09:49:08,544103	2,523614E+0	9,242081E-4
4/22/2022  09:49:08,544353	2,523293E+0	3,499026E-3
4/22/2022  09:49:08,544603	2,523614E+0	1,567913E-3
4/22/2022  09:49:08,544853	2,521361E+0	1,889765E-3
4/22/2022  09:49:08,545103	2,524258E+0	1,889765E-3
4/22/2022  09:49:08,545353	2,522005E+0	1,889765E-3
4/22/2022  09:49:08,545603	2,523614E+0	1,889765E-3
4/22/2022  09:49:08,545853	2,523293E+0	1,889765E-3
4/22/2022  09:49:08,546103	2,521683E+0	2,211617E-3
4/22/2022  09:49:08,546353	2,524902E+0	6,023559E-4
4/22/2022  09:49:08,546603	2,522649E+0	2,855321E-3
4/22/2022  09:49:08,546853	2,523614E+0	2,855321E-3
4/22/2022  09:49:08,547103	2,522649E+0	3,499026E-3
4/22/2022  09:49:08,547353	2,522649E+0	2,533469E-3
4/22/2022  09:49:08,547603	2,522005E+0	1,567913E-3
4/22/2022  09:49:08,547853	2,521361E+0	6,023559E-4
4/22/2022  09:49:08,548103	2,523293E+0	4,142730E-3
4/22/2022  09:49:08,548353	2,523614E+0	2,855321E-3
4/22/2022  09:49:08,548603	2,522971E+0	2,533469E-3
4/22/2022  09:49:08,548853	2,522971E+0	2,805037E-4
4/22/2022  09:49:08,549103	2,523614E+0	1,889765E-3
4/22/2022  09:49:08,549353	2,522327E+0	9,242081E-4
4/22/2022  09:49:08,549603	2,522971E+0	2,855321E-3
4/22/2022  09:49:08,549853	2,524580E+0	2,211617E-3
4/22/2022  09:49:08,550103	2,523293E+0	1,567913E-3
4/22/2022  09:49:08,550353	2,524258E+0	1,246060E-3
4/22/2022  09:49:08,550603	2,521361E+0	1,567913E-3
4/22/2022  09:49:08,550853	2,522649E+0	3,177174E-3
4/22/2022  09:49:08,551103	2,522649E+0	2,533469E-3
4/22/2022  09:49:08,551353	2,523614E+0	3,177174E-3
4/22/2022  09:49:08,551603	2,522971E+0	1,889765E-3
4/22/2022  09:49:08,551853	2,522971E+0	2,533469E-3
4/22/2022  09:49:08,552103	2,521361E+0	1,246060E-3
4/22/2022  09:49:08,552353	2,522971E+0	1,246060E-3
4/22/2022  09:49:08,552603	2,523936E+0	1,889765E-3
4/22/2022  09:49:08,552853	2,522971E+0	2,533469E-3
4/22/2022  09:49:08,553103	2,522971E+0	1,889765E-3
4/22/2022  09:49:08,553353	2,522649E+0	2,855321E-3
4/22/2022  09:49:08,553603	2,523293E+0	1,889765E-3
4/22/2022  09:49:08,553853	2,522327E+0	2,533469E-3
4/22/2022  09:49:08,554103	2,523614E+0	1,567913E-3
4/22/2022  09:49:08,554353	2,523293E+0	2,533469E-3
4/22/2022  09:49:08,554603	2,523293E+0	9,242081E-4
4/22/2022  09:49:08,554853	2,523293E+0	1,246060E-3
4/22/2022  09:49:08,555103	2,522005E+0	6,023559E-4
4/22/2022  09:49:08,555353	2,522649E+0	3,820878E-3
4/22/2022  09:49:08,555603	2,523936E+0	3,177174E-3
4/22/2022  09:49:08,555853	2,522327E+0	3,820878E-3
4/22/2022  09:49:08,556103	2,523614E+0	1,889765E-3
4/22/2022  09:49:08,556353	2,505269E+0	-1,709951E-2
4/22/2022  09:49:08,556603	-2,473147E+0	-1,268511E-1
4/22/2022  09:49:08,556853	-2,493101E+0	-1,130618E-2
4/22/2022  09:49:08,557103	-2,493745E+0	-4,225427E-3
4/22/2022  09:49:08,557353	-2,494711E+0	-2,616166E-3
4/22/2022  09:49:08,557603	-2,494711E+0	-1,328757E-3
