2.507200	
2.517499	
2.520718	
2.519108	
2.521361	
2.522649	
2.522327	
2.522005	
2.522005	
2.521040	
2.522005	
2.523614	
2.523293	
2.523614	
2.522971	
2.522005	
2.522327	
2.523614	
2.522005	
2.523293	
2.523293	
2.524258	
2.524258	
2.523936	
2.524580	
2.523293	
2.523614	
2.524902	
2.521683	
2.521683	
2.522649	
2.522327	
2.522327	
2.522005	
2.523936	
2.522971	
2.524258	
2.522649	
2.523614	
2.522649	
2.523614	
2.523293	
2.522649	
2.523293	
2.521683	
2.522005	
2.523293	
2.522649	
2.523293	
2.522327	
2.522649	
2.523936	
2.522005	
2.521361	
2.523293	
2.523614	
2.522005	
2.522971	
2.522971	
2.522971	
2.521683	
2.522971	
2.521040	
2.522649	
2.523293	
2.522971	
2.521683	
2.523293	
2.524258	
2.524580	
2.521361	
2.522971	
2.521683	
2.524902	
2.523614	
2.522327	
2.523936	
2.522005	
2.522649	
2.523614	
2.523293	
2.523936	
2.520718	
2.522005	
2.522971	
2.522005	
2.524580	
2.522005	
2.521683	
2.520396	
2.522327	
2.523614	
2.522649	
2.523293	
2.525224	
2.522005	
2.521683	
2.523936	
2.523936	
2.522649	
2.523293	
2.523293	
2.522649	
2.524902	
2.521361	
2.524902	
2.522649	
2.523293	
2.522971	
2.522005	
2.521683	
2.523293	
2.521683	
2.525546	
2.522649	
2.524258	
2.522327	
2.523936	
2.523936	
2.524258	
2.524258	
2.523293	
2.523293	
2.522971	
2.522971	
2.524258	
2.522005	
2.522971	
2.523614	
2.524580	
2.522971	
2.522005	
2.522005	
2.523936	
2.522649	
2.522327	
2.523614	
2.522649	
2.525224	
2.524258	
2.524258	
2.523614	
2.522005	
2.522005	
2.523936	
2.522327	
2.523614	
2.522327	
2.522971	
2.523293	
2.523936	
2.523614	
2.522971	
2.522327	
2.522005	
2.522971	
2.522971	
2.522971	
2.524258	
2.522971	
2.522971	
2.522327	
2.523936	
2.522971	
2.519108	
2.521361	
2.523936	
2.521361	
2.523293	
2.522327	
2.524258	
2.522005	
2.521683	
2.522649	
2.522971	
2.522971	
2.522327	
2.523936	
2.522971	
2.521683	
2.523293	
2.522005	
2.524580	
2.524258	
2.523614	
2.522971	
2.524902	
2.523614	
2.524580	
2.523936	
2.522327	
2.523614	
2.522649	
2.522971	
2.522327	
2.523614	
2.521683	
2.521683	
-2.373051
-2.486343
-2.492780
-2.493745
-2.494389
-2.494389
-2.494389
-2.493101
-2.495354
-2.494389
-2.493745
-2.494711
-2.493745
-2.495676
-2.494389
-2.494067
-2.494711
-2.493101
-2.493101
-2.493101
-2.492458
-2.494067
-2.493101
-2.494389
-2.495998
-2.495998
-2.494389
-2.492780
-2.494711
-2.494711
-2.493101
-2.494389
-2.492780
-2.495676
-2.494067
-2.494389
-2.494067
-2.493423
-2.493423
-2.495354
-2.495033
-2.494389
-2.493745
-2.495033
-2.493101
-2.495033
-2.494389
-2.494067
-2.495676
-2.494389
-2.495354
-2.492780
-2.493101
-2.495998
-2.494389
-2.494067
-2.495676
-2.493101
-2.494389
-2.493745
-2.494067
-2.496320
-2.492458
-2.493745
-2.491814
-2.494067
-2.494389
-2.494711
-2.493423
-2.493423
-2.494067
-2.492136
-2.492780
-2.494389
-2.493423
-2.496642
-2.495033
-2.494389
-2.493745
-2.495354
-2.494067
-2.493745
-2.494711
-2.495033
-2.494067
-2.494067
-2.492780
-2.494389
-2.495033
-2.495033
-2.493101
-2.495033
-2.493101
-2.494067
-2.495998
-2.494389
-2.493745
-2.494067
-2.493745
-2.493745
-2.495676
-2.494389
-2.494067
-2.494389
-2.494711
-2.492780
-2.495676
-2.495033
-2.493423
-2.493101
-2.495033
-2.494711
-2.493423
-2.495354
-2.494389
-2.494389
-2.495033
-2.494067
-2.494711
-2.497929
-2.494711
-2.495033
-2.494711
-2.494067
-2.495033
-2.493745
-2.494389
-2.494389
-2.495998
-2.493423
-2.493423
-2.496642
-2.494389
-2.494067
-2.491170
-2.493745
-2.492458
-2.494711
-2.495033
-2.495676
-2.493101
-2.495676
-2.494389
-2.491814
-2.495033
-2.494711
-2.494067
-2.493423
-2.493745
-2.494711
-2.496320
-2.492136
-2.494067
-2.494067
-2.494389
-2.494711
-2.493101
-2.495354
-2.493745
-2.494389
-2.492458
-2.495354
-2.494389
-2.492136
-2.494711
-2.493101
-2.493423
-2.495033
-2.494067
-2.494711
-2.493423
-2.495033
-2.493745
-2.494711
-2.496320
-2.494389
-2.494389
-2.495354
-2.496320
-2.493423
-2.495676
-2.494067
-2.494711
-2.495676
-2.494067
-2.494067
-2.494711
-2.495354
-2.495354
-2.493101
-2.494389
-2.495676
-2.494711
-2.492136
-2.493745
-2.494711
-2.493745
-2.494389
-2.489883
