-29.683042
-30.355003
-31.138038
-31.663647
-32.263681
-32.834529
-33.391529
-34.021150
-34.567212
-35.097427
-35.560958
-36.105052
-36.656226
-37.164281
-37.638906
-38.141400
-38.627585
-39.119577
-39.645814
-40.045107
-40.507630
-41.049105
-41.369287
-41.899226
-42.369109
-42.729033
-43.172216
-43.648050
-44.075715
-44.449181
-44.844324
-45.194721
-45.636664
-45.995916
-46.420725
-46.762155
-47.218263
-47.580963
-48.008694
-48.390823
-48.712313
-49.048972
-49.364845
-49.780922
-50.082948
-50.410063
-50.780485
-51.104833
-51.433897
-51.723702
-52.059728
-52.379341
-52.635370
-53.009586
-53.265926
-53.571213
-53.841110
-54.115414
-54.431722
-54.678532
-55.015573
-55.261329
-55.551260
-55.834530
-56.111170
-56.409641
-56.618163
-57.090718
-57.355744
-57.605998
-57.839126
-58.040753
-58.295235
-58.543491
-58.697533
-58.997932
-59.086426
-59.357615
-59.597530
-59.790495
-60.127313
-60.309159
-60.490277
-60.690971
-60.787495
-61.139684
-61.279202
-61.501556
-61.719078
-61.881018
-62.076610
-62.167149
-62.391901
-62.614279
-62.724167
-63.018739
-63.216548
-63.372719
-63.544168
-63.787213
-63.848169
-64.005316
-64.196711
-64.291534
-64.506968
-64.686502
-64.720906
-64.938971
-65.085179
-65.335538
-65.492225
-65.634377
-65.708734
-65.978234
-66.050347
-66.199604
-66.252437
-66.450491
-66.573699
-66.633678
-66.826118
-66.867152
-67.009059
-67.080481
-67.204332
-67.433605
-67.425135
-67.509690
-67.606861
-67.791743
-67.834752
-67.862241
-68.107605
-68.043918
-68.234532
-68.346129
-68.403527
-68.540206
-68.630988
-68.738567
-68.789168
-68.896493
-69.026014
-69.036319
-69.109448
-69.147896
-69.207851
-69.262837
-69.283412
-69.465600
-69.436593
-69.529450
-69.645014
-69.637140
-69.551868
-69.693060
-69.635681
-69.726198
-69.811406
-69.805371
-69.774980
-69.816692
-69.871725
-69.834638
-69.729804
-69.919539
-69.859465
-69.791894
-69.882526
-69.801645
-69.805077
-69.803063
-69.689205
-69.711912
-69.713395
-69.579007
-69.597652
-69.622774
-69.492812
-69.465648
-69.423210
-69.302555
-69.372290
-69.055148
-68.965918
-68.955752
-68.829637
-68.745072
-68.510981
-68.381074
-68.246777
-68.027406
-67.909856
-67.709148
-67.359605
-67.105754
-66.808932
-66.610576
-66.028364
-66.083567
-65.384822
-65.213624
-64.963753
-64.251797
-64.012133
-63.340569
-62.951924
-62.574708
-62.052869
-61.240819
-60.524696
-59.712651
-59.078535
-58.221740
-57.291094
-56.379104
-55.290279
-54.246990
-52.754027
-51.355567
-49.603032
-47.975400
-45.963155
-43.887066
-41.191013
-38.566584
-35.479676
-32.374505
-29.019370
-24.295531
-19.983489
-15.258372
-10.137992
-4.696773
1.118231
7.035834
12.939925
23.455243
29.408482
33.546067
38.047582
41.740535
45.431336
48.396611
52.136566
54.629372
56.365352
58.677797
60.936105
62.212630
64.699837
65.491068
66.620410
68.077925
69.144116
70.217859
71.092650
71.798229
72.530589
73.288430
74.005491
74.695477
75.284468
75.654982
76.500851
76.631016
77.163799
77.329524
77.929892
78.479808
78.701546
78.943671
79.473174
79.809728
79.956469
79.920632
80.227572
80.531017
80.747933
81.117028
81.244501
81.437210
81.730100
81.882963
81.840737
82.231388
82.321080
82.408304
82.453709
82.480546
82.696835
82.789029
83.078423
83.186939
83.208501
83.212511
83.323391
83.355639
83.365358
83.526217
83.713142
83.698010
83.864156
83.838900
83.936846
83.917926
83.988687
84.145775
84.306261
84.034182
84.243996
84.112057
84.247024
84.367298
84.310550
84.497009
84.309971
84.330810
84.567468
84.340918
84.629981
84.439223
84.575743
84.728729
84.641498
84.657811
84.700975
84.768578
84.767142
84.626085
84.602678
84.807435
84.792457
84.657190
84.622596
84.688271
84.846064
84.607996
84.830403
84.780164
84.784425
84.732919
84.742985
84.789338
84.785533
84.734864
84.974556
84.707797
84.793953
84.660478
84.717850
84.792203
84.686611
84.702526
84.802169
84.755036
84.664527
84.640031
84.699874
84.718882
84.722045
84.588097
84.652941
84.675230
84.642139
84.540414
84.643846
84.735594
84.722737
84.664197
84.672157
84.507197
84.537944
84.571413
84.654465
84.393163
84.583864
84.553006
84.416659
84.534076
84.390151
84.436073
84.489991
84.388519
84.345252
84.314807
84.453690
84.390277
84.473388
84.373861
84.437068
84.366844
84.327829
84.190525
84.303979
84.294797
84.118255
84.185468
84.181246
84.127872
84.119787
84.168229
84.027149
84.111426
84.072881
84.014470
84.011433
83.815881
84.030002
84.024631
83.872143
83.780015
83.790470
83.823019
83.789496
83.768753
83.924307
83.795845
83.868394
83.829165
83.774394
83.685497
83.803093
83.683739
83.697427
83.639690
83.580469
83.625044
83.636533
83.498670
83.531933
83.501834
83.499793
83.464536
83.563160
83.357976
83.313669
83.340198
83.409862
83.431916
83.415246
83.162722
83.293771
83.198213
83.080119
83.308588
83.234404
83.160352
83.086252
83.263451
83.076106
83.049947
83.104410
83.031858
83.026624
82.881964
83.101276
82.822240
82.902114
82.990120
82.801627
82.974242
82.866468
82.713657
82.843890
82.722796
82.757144
82.641784
82.707348
82.593359
82.660176
82.642504
82.550869
82.688465
82.643579
82.594828
82.505967
82.599990
82.605489
82.515801
82.360729
82.400960
82.375884
82.514323
82.323062
82.316762
82.425966
82.447244
82.299796
82.366634
82.407692
82.333881
82.343258
82.352633
82.133800
82.307897
82.155829
82.095528
82.055938
82.185950
81.956690
82.118209
82.046864
82.029158
81.949706
81.936572
81.947248
81.790345
81.847409
81.949081
81.871406
81.855816
81.820146
81.828429
81.783164
81.832405
81.742247
81.675183
81.792324
81.684601
81.726431
81.651992
81.571684
81.663140
81.686149
81.504405
81.676785
81.753215
81.509006
81.547418
81.570332
81.580971
81.578395
81.554814
81.454129
81.515292
81.361160
81.379670
81.311519
81.273165
81.309807
81.163872
81.306386
81.281429
81.359837
81.004249
81.199872
81.166713
81.260434
81.249120
81.114966
81.173245
81.170242
81.186489
81.013966
81.011140
80.947434
80.981919
80.924192
81.104422
80.924257
81.004665
81.039220
80.860850
80.912651
80.929578
80.786654
80.673553
80.800046
80.910679
80.697237
80.870771
80.734474
80.830367
80.700547
80.754084
80.804320
80.732396
80.595468
80.682926
80.691938
80.668745
80.522206
80.635880
80.462715
80.639955
80.460938
80.461274
80.605058
80.386409
80.575830
80.558211
80.455138
80.401997
80.452901
80.548932
80.306534
80.392122
80.442815
80.112404
80.255155
80.331511
80.141726
80.275903
80.088905
80.244157
80.178974
80.102912
80.194370
80.143720
80.143871
80.144982
80.146953
80.182416
79.974283
80.127724
80.166949
80.011770
79.906078
79.871877
80.118310
79.975366
80.137391
79.931717
79.815498
79.980441
79.985456
79.986951
79.958001
79.712092
79.898994
80.013451
79.987532
79.811475
79.752314
79.746701
79.633357
79.733398
79.581686
79.623029
79.579293
79.595774
79.724706
79.592735
79.733214
79.828220
79.586866
79.467749
79.497231
79.384530
79.434687
79.566738
79.552304
79.597700
79.551867
79.513164
79.493570
79.260977
79.378503
79.284561
79.458927
79.509858
79.597788
79.445493
79.405125
79.481358
79.179909
79.186103
79.243977
79.378758
79.408082
79.338884
79.160483
79.344083
79.246326
79.187044
79.035953
79.177849
79.315878
79.108693
79.082038
79.107728
79.199895
79.209492
79.193658
78.866138
79.143060
78.908405
79.129643
78.978185
79.198713
79.121939
79.172871
78.838910
79.167840
78.967476
79.100944
78.871089
79.106298
78.934158
78.860909
79.013348
78.888306
78.967693
78.797678
78.772555
78.845668
78.721815
78.782140
78.889159
78.747797
78.818541
78.704002
78.718113
78.772689
78.779248
78.847262
78.763998
78.693175
78.703031
78.571299
78.699251
78.638858
78.579457
78.463396
78.569185
78.786362
78.554114
78.506974
78.700987
78.570811
78.464132
78.629659
78.527666
78.519255
78.539144
78.527730
78.404176
78.413272
78.507476
78.406073
78.326434
78.615442
78.578760
78.621055
78.419726
78.352484
78.520888
78.560840
78.229635
78.351778
78.552518
78.275428
78.224138
78.502576
78.426017
78.368408
78.479350
78.320467