999.773432      2.084951        -29.683042
1024.903533     2.068591        -30.355003
1050.083238     2.053494        -31.138038
1075.019480     2.038843        -31.663647
1100.131659     2.023580        -32.263681
1125.121182     2.009035        -32.834529
1150.015069     1.994359        -33.391529
1174.955285     1.979021        -34.021150
1199.978991     1.963862        -34.567212
1225.144673     1.948641        -35.097427
1250.098985     1.933340        -35.560958
1275.125072     1.918339        -36.105052
1300.010043     1.903101        -36.656226
1325.211858     1.887943        -37.164281
1350.143263     1.872513        -37.638906
1375.111701     1.857479        -38.141400
1400.041953     1.842633        -38.627585
1424.995195     1.827403        -39.119577
1450.093257     1.812024        -39.645814
1475.104367     1.796978        -40.045107
1499.967907     1.782081        -40.507630
1525.030820     1.767627        -41.049105
1549.937112     1.752460        -41.369287
1575.043040     1.737374        -41.899226
1600.004730     1.722606        -42.369109
1624.976472     1.708107        -42.729033
1649.865820     1.693450        -43.172216
1675.037446     1.678658        -43.648050
1699.980413     1.664185        -44.075715
1724.970495     1.649570        -44.449181
1749.826145     1.635265        -44.844324
1774.767327     1.621010        -45.194721
1799.987262     1.606623        -45.636664
1824.869693     1.592692        -45.995916
1849.838294     1.578534        -46.420725
1874.681826     1.564617        -46.762155
1900.096400     1.550714        -47.218263
1925.047116     1.536754        -47.580963
1949.996069     1.523211        -48.008694
1974.968359     1.509303        -48.390823
1999.916930     1.496019        -48.712313
2025.056412     1.482206        -49.048972
2050.009989     1.469352        -49.364845
2074.979343     1.455843        -49.780922
2099.951711     1.442551        -50.082948
2125.114146     1.429294        -50.410063
2150.002891     1.416365        -50.780485
2174.972025     1.403562        -51.104833
2199.950203     1.390812        -51.433897
2224.850190     1.378203        -51.723702
2249.985264     1.365290        -52.059728
2274.900214     1.352766        -52.379341
2299.913361     1.340375        -52.635370
2324.929376     1.327865        -53.009586
2349.846991     1.315680        -53.265926
2374.928166     1.303241        -53.571213
2399.928035     1.291303        -53.841110
2424.850451     1.279480        -54.115414
2449.864134     1.267489        -54.431722
2475.001977     1.255585        -54.678532
2499.973186     1.243667        -55.015573
2524.961148     1.232105        -55.261329
2549.899412     1.220740        -55.551260
2574.870118     1.209237        -55.834530
2600.224400     1.197733        -56.111170
2624.976604     1.186468        -56.409641
2649.894672     1.175314        -56.618163
2700.013382     1.153086        -57.090718
2724.961700     1.141978        -57.355744
2750.007665     1.131303        -57.605998
2774.911840     1.120359        -57.839126
2799.881288     1.109657        -58.040753
2825.008849     1.099009        -58.295235
2849.973296     1.088408        -58.543491
2874.916744     1.077892        -58.697533
2899.871901     1.067585        -58.997932
2924.900307     1.057253        -59.086426
2949.961415     1.046943        -59.357615
2974.932153     1.036870        -59.597530
2999.870708     1.026834        -59.790495
3024.951451     1.016559        -60.127313
3049.976792     1.006953        -60.309159
3074.982971     0.996772        -60.490277
3099.942838     0.987295        -60.690971
3124.828292     0.977350        -60.787495
3149.888525     0.967905        -61.139684
3175.098160     0.958214        -61.279202
3200.024495     0.948775        -61.501556
3224.893350     0.939213        -61.719078
3249.951230     0.930044        -61.881018
3275.049218     0.920555        -62.076610
3300.011283     0.911492        -62.167149
3324.952645     0.902279        -62.391901
3349.946142     0.893340        -62.614279
3374.785687     0.884179        -62.724167
3424.976504     0.866448        -63.018739
3449.930395     0.857511        -63.216548
3474.816782     0.848539        -63.372719
3499.867961     0.840113        -63.544168
3525.010055     0.831147        -63.787213
3549.910078     0.822725        -63.848169
3574.993661     0.814330        -64.005316
3599.821894     0.805808        -64.196711
3624.938499     0.797338        -64.291534
3649.899160     0.789172        -64.506968
3675.004681     0.780615        -64.686502
3699.834296     0.772540        -64.720906
3724.788193     0.764364        -64.938971
3749.898112     0.756104        -65.085179
3799.897482     0.740182        -65.335538
3824.777082     0.732074        -65.492225
3850.006551     0.724236        -65.634377
3874.994326     0.716381        -65.708734
3899.867823     0.708396        -65.978234
3924.750830     0.700587        -66.050347
3949.896023     0.693235        -66.199604
3974.960746     0.685614        -66.252437
3999.972632     0.678053        -66.450491
4024.864483     0.670361        -66.573699
4049.783768     0.662928        -66.633678
4074.781413     0.655449        -66.826118
4099.991491     0.648048        -66.867152
4124.943896     0.640459        -67.009059
4149.843425     0.633468        -67.080481
4174.777792     0.626117        -67.204332
4199.928906     0.618872        -67.433605
4224.941383     0.611824        -67.425135
4249.933744     0.604546        -67.509690
4274.789805     0.597509        -67.606861
4299.812828     0.590412        -67.791743
4325.043607     0.583520        -67.834752
4349.754926     0.576494        -67.862241
4375.002969     0.569707        -68.107605
4399.844104     0.562844        -68.043918
4425.047525     0.555785        -68.234532
4449.996108     0.549348        -68.346129
4474.852963     0.542335        -68.403527
4524.835836     0.528949        -68.540206
4549.929221     0.522311        -68.630988
4574.949688     0.515827        -68.738567
4599.793955     0.509168        -68.789168
4624.863214     0.502769        -68.896493
4649.957832     0.496431        -69.026014
4675.096142     0.489765        -69.036319
4699.967091     0.483407        -69.109448
4724.802637     0.477089        -69.147896
4749.814678     0.470792        -69.207851
4775.000190     0.464545        -69.262837
4799.888109     0.458401        -69.283412
4824.800409     0.452188        -69.465600
4849.902189     0.445774        -69.436593
4874.773578     0.439784        -69.529450
4924.980675     0.427601        -69.645014
4949.919972     0.421439        -69.637140
4974.566123     0.415518        -69.551868
4999.818796     0.409659        -69.693060
5024.952830     0.403504        -69.635681
5049.896798     0.397450        -69.726198
5074.958867     0.391734        -69.811406
5099.727222     0.385896        -69.805371
5124.922510     0.380090        -69.774980
5149.952031     0.374137        -69.816692
5174.784415     0.368429        -69.871725
5199.634537     0.362938        -69.834638
5224.682656     0.357177        -69.729804
5250.007065     0.351437        -69.919539
5299.988532     0.340204        -69.859465
5324.726595     0.334540        -69.791894
5350.135073     0.329064        -69.882526
5374.809348     0.323646        -69.801645
5399.858646     0.318205        -69.805077
5424.829846     0.312615        -69.803063
5449.989057     0.307221        -69.689205
5474.961541     0.301892        -69.711912
5499.701745     0.296377        -69.713395
5524.744118     0.291123        -69.579007
5549.691804     0.285800        -69.597652
5574.959898     0.280558        -69.622774
5599.957664     0.275303        -69.492812
5624.807427     0.270159        -69.465648
5649.972924     0.264780        -69.423210
5674.584958     0.259657        -69.302555
5700.411255     0.254366        -69.372290
5724.829757     0.249332        -69.055148
5749.743719     0.244123        -68.965918
5774.883022     0.239119        -68.955752
5799.921877     0.234039        -68.829637
5824.960378     0.229076        -68.745072
5849.884487     0.224249        -68.510981
5875.029996     0.219227        -68.381074
5899.747373     0.214281        -68.246777
5924.793418     0.209120        -68.027406
5949.686473     0.204117        -67.909856
5974.907684     0.199505        -67.709148
6024.808555     0.189889        -67.359605
6049.939978     0.185019        -67.105754
6074.978158     0.180173        -66.808932
6099.984242     0.175514        -66.610576
6124.466171     0.170728        -66.028364
6150.400280     0.166145        -66.083567
6174.192791     0.161336        -65.384822
6200.276279     0.156793        -65.213624
6225.093702     0.152218        -64.963753
6249.541868     0.147456        -64.251797
6274.752335     0.143083        -64.012133
6299.411357     0.138420        -63.340569
6324.473942     0.134071        -62.951924
6349.927168     0.129805        -62.574708
6375.183041     0.125024        -62.052869
6399.665979     0.120871        -61.240819
6424.289725     0.116506        -60.524696
6449.215589     0.112314        -59.712651
6475.098578     0.108061        -59.078535
6499.862896     0.103879        -58.221740
6525.062198     0.099672        -57.291094
6549.809722     0.095756        -56.379104
6575.106148     0.091526        -55.290279
6600.256705     0.087397        -54.246990
6625.250384     0.083523        -52.754027
6649.898369     0.079740        -51.355567
6674.534860     0.075922        -49.603032
6699.798879     0.072187        -47.975400
6725.138623     0.068841        -45.963155
6750.612475     0.065193        -43.887066
6774.101302     0.061867        -41.191013
6799.669620     0.058638        -38.566584
6824.862835     0.055537        -35.479676
6849.270806     0.052921        -32.374505
6876.344071     0.050039        -29.019370
6899.249305     0.047588        -24.295531
6924.638918     0.045553        -19.983489
6949.990764     0.043675        -15.258372
6975.302254     0.042283        -10.137992
7000.811190     0.041235        -4.696773
7024.737519     0.040751        1.118231
7049.533264     0.040292        7.035834
7074.495418     0.040451        12.939925
7126.275489     0.042137        23.455243
7148.792782     0.043708        29.408482
7175.169908     0.045258        33.546067
7199.963253     0.047258        38.047582
7225.284130     0.049622        41.740535
7250.013179     0.052119        45.431336
7276.193771     0.054801        48.396611
7298.914648     0.057404        52.136566
7323.829860     0.060470        54.629372
7351.313980     0.063587        56.365352
7375.176183     0.066578        58.677797
7398.636656     0.069738        60.936105
7424.753436     0.073200        62.212630
7448.505932     0.076495        64.699837
7474.482822     0.079776        65.491068
7500.415073     0.083079        66.620410
7524.652970     0.086561        68.077925
7549.621730     0.089993        69.144116
7573.970579     0.093759        70.217859
7599.454802     0.097017        71.092650
7624.541256     0.100548        71.798229
7649.716457     0.104043        72.530589
7674.668067     0.107609        73.288430
7699.673238     0.111137        74.005491
7724.656900     0.114929        74.695477
7749.413053     0.118120        75.284468
7775.016653     0.121887        75.654982
7799.212047     0.125407        76.500851
7824.791646     0.128982        76.631016
7849.734739     0.132658        77.163799
7875.603292     0.135938        77.329524
7900.015752     0.139563        77.929892
7924.213621     0.143173        78.479808
7949.647955     0.146856        78.701546
7975.030236     0.150186        78.943671
7999.330019     0.153838        79.473174
8024.520487     0.157250        79.809728
8050.383754     0.160874        79.956469
8075.285042     0.164330        79.920632
8100.707138     0.167841        80.227572
8125.123782     0.171409        80.531017
8150.121247     0.174905        80.747933
8174.496376     0.178229        81.117028
8199.495248     0.181890        81.244501
8224.682209     0.185441        81.437210
8249.779227     0.188859        81.730100
8274.605503     0.192267        81.882963
8299.699531     0.195783        81.840737
8324.510960     0.199150        82.231388
8349.788749     0.202680        82.321080
8374.933062     0.206188        82.408304
8399.634985     0.209566        82.453709
8424.729925     0.213185        82.480546
8449.870776     0.216326        82.696835
8474.923014     0.219775        82.789029
8499.567405     0.223257        83.078423
8524.616022     0.226596        83.186939
8549.578817     0.230162        83.208501
8574.754634     0.233395        83.212511
8600.001032     0.236584        83.323391
8624.649268     0.240096        83.355639
8649.939759     0.243396        83.365358
8674.934550     0.246602        83.526217
8699.602008     0.250196        83.713142
8724.504728     0.253361        83.698010
8749.437635     0.256739        83.864156
8774.890133     0.260049        83.838900
8799.565556     0.263393        83.936846
8824.953047     0.266482        83.917926
8850.093769     0.269927        83.988687
8874.666568     0.273131        84.145775
8899.656815     0.276360        84.306261
8925.133677     0.279378        84.034182
8950.082484     0.282810        84.243996
8974.915696     0.286096        84.112057
8999.692117     0.289313        84.247024
9024.993493     0.292339        84.367298
9049.769188     0.295784        84.310550
9074.774161     0.298894        84.497009
9099.725974     0.302094        84.309971
9124.842109     0.305179        84.330810
9149.890373     0.308403        84.567468
9175.007675     0.311600        84.340918
9224.598272     0.317918        84.629981
9250.105145     0.321220        84.439223
9274.756380     0.324164        84.575743
9299.589602     0.327517        84.728729
9324.497059     0.330394        84.641498
9349.477623     0.333502        84.657811
9374.797184     0.336760        84.700975
9399.660782     0.339668        84.768578
9424.907191     0.342927        84.767142
9449.861090     0.345816        84.626085
9474.956370     0.348958        84.602678
9499.885805     0.352055        84.807435
9524.756470     0.355061        84.792457
9549.730928     0.358125        84.657190
9574.899031     0.361082        84.622596
9599.930841     0.364117        84.688271
9624.563691     0.367164        84.846064
9650.087790     0.370174        84.607996
9674.664944     0.373446        84.830403
9699.762160     0.376201        84.780164
9724.852785     0.379200        84.784425
9749.804252     0.382250        84.732919
9774.875844     0.385171        84.742985
9799.767212     0.388109        84.789338
9824.942595     0.391112        84.785533
9849.730664     0.394082        84.734864
9874.670239     0.396956        84.974556
9899.863560     0.399849        84.707797
9924.626267     0.402994        84.793953
9950.027931     0.405821        84.660478
9974.817512     0.408966        84.717850
9999.631399     0.411423        84.792203
10024.914654        0.414689        84.686611
10049.790200        0.417452        84.702526
10074.781722        0.420391        84.802169
10099.753541        0.423245        84.755036
10124.725352        0.426194        84.664527
10149.554824        0.429099        84.640031
10174.832464        0.432032        84.699874
10199.891966        0.434696        84.718882
10224.748198        0.437594        84.722045
10249.576605        0.440332        84.588097
10274.668707        0.443252        84.652941
10299.888037        0.446021        84.675230
10324.735460        0.448860        84.642139
10349.920127        0.451694        84.540414
10374.783703        0.454271        84.643846
10399.680326        0.457298        84.735594
10424.875618        0.460070        84.722737
10449.817037        0.462828        84.664197
10474.684309        0.465616        84.672157
10499.809609        0.468398        84.507197
10524.830363        0.471058        84.537944
10549.648493        0.473938        84.571413
10574.616732        0.476498        84.654465
10599.640046        0.479405        84.393163
10624.935514        0.482059        84.583864
10649.726302        0.484844        84.553006
10674.777165        0.487459        84.416659
10699.874008        0.490407        84.534076
10724.772847        0.492981        84.390151
10749.903507        0.495807        84.436073
10774.702371        0.498462        84.489991
10799.830034        0.501172        84.388519
10824.882916        0.503795        84.345252
10849.540154        0.506472        84.314807
10874.872839        0.509382        84.453690
10899.818555        0.511712        84.390277
10924.674619        0.514427        84.473388
10949.718661        0.517267        84.373861
10974.787543        0.519824        84.437068
10999.914752        0.522443        84.366844
11049.675496        0.527676        84.327829
11074.670653        0.530345        84.190525
11099.885164        0.533031        84.303979
11124.776676        0.535553        84.294797
11149.854869        0.538260        84.118255
11174.812641        0.540579        84.185468
11199.928482        0.543275        84.181246
11224.793183        0.545870        84.127872
11249.702695        0.548551        84.119787
11274.728871        0.551060        84.168229
11299.669061        0.553663        84.027149
11324.682111        0.556201        84.111426
11349.606943        0.558756        84.072881
11374.791844        0.561480        84.014470
11399.833169        0.563977        84.011433
11449.830265        0.568925        83.815881
11474.723682        0.571609        84.030002
11499.725852        0.573987        84.024631
11524.665718        0.576647        83.872143
11549.917550        0.579215        83.780015
11574.863358        0.581650        83.790470
11599.585860        0.584140        83.823019
11624.714753        0.586583        83.789496
11649.741762        0.589201        83.768753
11674.856006        0.591662        83.924307
11699.776742        0.593917        83.795845
11724.641593        0.596504        83.868394
11749.625548        0.599020        83.829165
11774.917074        0.601422        83.774394
11799.790061        0.603742        83.685497
11824.807438        0.606454        83.803093
11849.637626        0.608802        83.683739
11874.756357        0.611090        83.697427
11899.951669        0.613888        83.639690
11924.642596        0.616077        83.580469
11949.792412        0.618518        83.625044
11974.622996        0.621020        83.636533
11999.870946        0.623444        83.498670
12024.821650        0.625752        83.531933
12049.701184        0.628468        83.501834
12074.767228        0.630599        83.499793
12099.658195        0.632993        83.464536
12124.768622        0.635564        83.563160
12149.607834        0.637529        83.357976
12199.626254        0.642497        83.313669
12224.670442        0.645048        83.340198
12249.768399        0.647512        83.409862
12274.858816        0.649649        83.431916
12299.638560        0.651888        83.415246
12324.632344        0.654385        83.162722
12349.729103        0.656752        83.293771
12374.803386        0.659025        83.198213
12399.737701        0.661575        83.080119
12424.562679        0.663641        83.308588
12449.661576        0.666031        83.234404
12474.704568        0.668384        83.160352
12499.858585        0.671121        83.086252
12524.669334        0.672787        83.263451
12574.828762        0.677704        83.076106
12599.811034        0.680074        83.049947
12624.675749        0.682193        83.104410
12649.713371        0.684211        83.031858
12674.577745        0.686768        83.026624
12699.771849        0.688974        82.881964
12724.810883        0.691324        83.101276
12749.813238        0.693771        82.822240
12774.634238        0.695872        82.902114
12799.718029        0.698011        82.990120
12824.774471        0.700357        82.801627
12849.758629        0.702522        82.974242
12874.760817        0.704809        82.866468
12899.726713        0.707108        82.713657
12924.813220        0.709250        82.843890
12974.736721        0.713827        82.722796
12999.694896        0.716143        82.757144
13024.593558        0.718326        82.641784
13049.719108        0.720442        82.707348
13074.749397        0.722724        82.593359
13099.811925        0.724881        82.660176
13124.631784        0.727117        82.642504
13149.754275        0.729302        82.550869
13174.720085        0.731430        82.688465
13199.669303        0.733542        82.643579
13224.696703        0.735875        82.594828
13249.770117        0.738026        82.505967
13274.776242        0.740064        82.599990
13299.738068        0.742330        82.605489
13324.747238        0.744666        82.515801
13349.674250        0.746752        82.360729
13374.618147        0.748896        82.400960
13399.801744        0.750873        82.375884
13424.798401        0.753187        82.514323
13449.738339        0.755167        82.323062
13474.751429        0.757326        82.316762
13499.717517        0.759337        82.425966
13524.685966        0.761771        82.447244
13549.762641        0.763702        82.299796
13574.558417        0.765951        82.366634
13599.660550        0.767950        82.407692
13624.666786        0.770023        82.333881
13649.780982        0.772019        82.343258
13674.705929        0.774137        82.352633
13699.707383        0.776443        82.133800
13724.802044        0.778483        82.307897
13749.786925        0.780575        82.155829
13774.616918        0.782563        82.095528
13799.678309        0.784748        82.055938
13824.613111        0.786752        82.185950
13849.856553        0.788681        81.956690
13874.731172        0.790844        82.118209
13899.633166        0.792828        82.046864
13924.751087        0.794976        82.029158
13949.618766        0.797088        81.949706
13974.834175        0.799066        81.936572
13999.728894        0.800909        81.947248
14024.715748        0.803073        81.790345
14049.708280        0.805157        81.847409
14074.713143        0.807282        81.949081
14099.764130        0.809130        81.871406
14124.656252        0.811255        81.855816
14149.615276        0.813175        81.820146
14174.650786        0.815208        81.828429
14199.747572        0.817335        81.783164
14224.649767        0.819365        81.832405
14249.691643        0.821149        81.742247
14274.715278        0.823243        81.675183
14299.760743        0.825249        81.792324
14324.813828        0.827232        81.684601
14349.650051        0.829333        81.726431
14374.693950        0.831119        81.651992
14399.628142        0.833202        81.571684
14424.760623        0.835000        81.663140
14449.780197        0.837256        81.686149
14474.711165        0.839069        81.504405
14499.586156        0.841025        81.676785
14524.507738        0.842834        81.753215
14549.731615        0.844894        81.509006
14574.763803        0.847100        81.547418
14599.671441        0.848970        81.570332
14624.538908        0.850839        81.580971
14649.781809        0.852751        81.578395
14674.716629        0.854699        81.554814
14699.679856        0.856348        81.454129
14724.718257        0.858507        81.515292
14749.642032        0.860340        81.361160
14774.759457        0.862334        81.379670
14799.762617        0.864215        81.311519
14824.680854        0.866112        81.273165
14849.659534        0.868060        81.309807
14874.720693        0.870038        81.163872
14899.743001        0.871931        81.306386
14924.691117        0.873804        81.281429
14949.588695        0.875668        81.359837
14974.720091        0.877526        81.004249
14999.768713        0.879307        81.199872
15024.642914        0.881220        81.166713
15049.647794        0.883039        81.260434
15074.668899        0.885009        81.249120
15099.728799        0.887091        81.114966
15124.698713        0.888783        81.173245
15149.651218        0.890645        81.170242
15174.668491        0.892443        81.186489
15199.562246        0.894315        81.013966
15224.733685        0.896367        81.011140
15249.776737        0.898217        80.947434
15274.708286        0.900142        80.981919
15299.675274        0.901831        80.924192
15324.545796        0.903750        81.104422
15349.784559        0.905671        80.924257
15374.638815        0.907260        81.004665
15399.686784        0.909202        81.039220
15424.646798        0.911090        80.860850
15449.766301        0.912958        80.912651
15474.777893        0.914600        80.929578
15499.690503        0.916369        80.786654
15524.656950        0.918173        80.673553
15549.663366        0.920149        80.800046
15574.676331        0.921881        80.910679
15599.708382        0.923715        80.697237
15624.616705        0.925496        80.870771
15649.555257        0.927016        80.734474
15674.772607        0.928883        80.830367
15699.771527        0.930774        80.700547
15724.720978        0.932553        80.754084
15749.546107        0.934351        80.804320
15799.699557        0.937790        80.732396
15824.718953        0.939671        80.595468
15849.715994        0.941369        80.682926
15874.722943        0.943313        80.691938
15899.549958        0.944894        80.668745
15924.724322        0.946731        80.522206
15949.641591        0.948629        80.635880
15974.618401        0.950298        80.462715
15999.595503        0.952047        80.639955
16024.740924        0.953697        80.460938
16049.687321        0.955483        80.461274
16074.587492        0.957386        80.605058
16099.660886        0.959165        80.386409
16124.516165        0.960814        80.575830
16174.591320        0.964258        80.558211
16199.604093        0.965834        80.455138
16224.560270        0.967707        80.401997
16249.790444        0.969299        80.452901
16274.708711        0.970961        80.548932
16299.563378        0.972730        80.306534
16324.636845        0.974418        80.392122
16349.649161        0.976151        80.442815
16374.768873        0.977888        80.112404
16399.585469        0.979504        80.255155
16424.675602        0.981236        80.331511
16449.561472        0.982939        80.141726
16474.528813        0.984860        80.275903
16499.687122        0.986266        80.088905
16524.669296        0.987823        80.244157
16549.703768        0.989713        80.178974
16574.585999        0.991321        80.102912
16599.709840        0.992993        80.194370
16624.656375        0.994851        80.143720
16649.746300        0.996423        80.143871
16674.705879        0.997685        80.144982
16699.545697        0.999786        80.146953
16724.659619        1.001231        80.182416
16749.618433        1.003046        79.974283
16774.598013        1.004531        80.127724
16799.535680        1.006281        80.166949
16824.704467        1.007810        80.011770
16874.650809        1.010892        79.906078
16899.655582        1.012731        79.871877
16924.550774        1.014178        80.118310
16949.668334        1.015980        79.975366
16974.607590        1.017439        80.137391
16999.600282        1.019045        79.931717
17024.638507        1.020764        79.815498
17049.553117        1.022462        79.980441
17074.655124        1.023774        79.985456
17099.675245        1.025598        79.986951
17124.624531        1.027178        79.958001
17149.537393        1.028712        79.712092
17174.733199        1.030351        79.898994
17199.625209        1.031968        80.013451
17224.612679        1.033437        79.987532
17249.629306        1.035168        79.811475
17274.559549        1.036826        79.752314
17299.700571        1.038269        79.746701
17324.659002        1.040059        79.633357
17349.603041        1.041476        79.733398
17374.578220        1.043153        79.581686
17399.701174        1.044493        79.623029
17424.652124        1.046123        79.579293
17449.599668        1.047706        79.595774
17474.617438        1.049344        79.724706
17499.667340        1.050839        79.592735
17524.750235        1.052451        79.733214
17549.605760        1.053973        79.828220
17574.585750        1.055323        79.586866
17599.577287        1.056938        79.467749
17624.512501        1.058480        79.497231
17649.694259        1.060094        79.384530
17674.586039        1.061732        79.434687
17699.577480        1.063052        79.566738
17724.549244        1.064820        79.552304
17749.689728        1.066379        79.597700
17774.693184        1.067730        79.551867
17799.711818        1.069334        79.513164
17824.429856        1.070750        79.493570
17849.565691        1.072279        79.260977
17874.677393        1.074005        79.378503
17899.632899        1.075243        79.284561
17924.676650        1.076805        79.458927
17974.777540        1.079860        79.509858
17999.622861        1.081581        79.597788
18024.638764        1.082762        79.445493
18049.616852        1.084512        79.405125
18074.593807        1.085703        79.481358
18099.693080        1.087165        79.179909
18124.593004        1.088859        79.186103
18149.646103        1.090415        79.243977
18174.538460        1.091721        79.378758
18199.738764        1.093109        79.408082
18224.616141        1.094664        79.338884
18249.574003        1.096082        79.160483
18274.609547        1.097580        79.344083
18299.530396        1.099054        79.246326
18324.677665        1.100483        79.187044
18374.576266        1.103468        79.035953
18424.514567        1.106275        79.177849
18449.653512        1.107908        79.315878
18474.635439        1.109292        79.108693
18499.561033        1.110693        79.082038
18524.560191        1.111995        79.107728
18549.701359        1.113496        79.199895
18574.710665        1.114885        79.209492
18599.604152        1.116610        79.193658
18624.563930        1.117879        78.866138
18649.544444        1.119351        79.143060
18674.767463        1.120480        78.908405
18699.652567        1.122128        79.129643
18724.617729        1.123535        78.978185
18749.483100        1.124905        79.198713
18774.743089        1.126436        79.121939
18799.693512        1.127820        79.172871
18824.594337        1.129130        78.838910
18849.590097        1.130603        79.167840
18874.512236        1.131826        78.967476
18899.701798        1.133546        79.100944
18924.562075        1.134993        78.871089
18949.543144        1.136480        79.106298
18974.501408        1.137594        78.934158
18999.491945        1.139072        78.860909
19024.657743        1.140479        79.013348
19049.594359        1.141842        78.888306
19074.567370        1.143264        78.967693
19124.709608        1.146033        78.797678
19149.677910        1.147282        78.772555
19174.568069        1.148822        78.845668
19199.513577        1.150206        78.721815
19224.487894        1.151530        78.782140
19249.658686        1.152771        78.889159
19274.650183        1.154254        78.747797
19299.505543        1.155567        78.818541
19324.488430        1.156765        78.704002
19349.774234        1.158289        78.718113
19374.534185        1.159800        78.772689
19399.599056        1.161020        78.779248
19424.576356        1.162421        78.847262
19449.578784        1.163631        78.763998
19474.612869        1.164893        78.693175
19499.656921        1.166424        78.703031
19524.616064        1.167896        78.571299
19549.565811        1.169060        78.699251
19574.474984        1.170285        78.638858
19599.636009        1.171640        78.579457
19624.609974        1.172899        78.463396
19649.510798        1.174257        78.569185
19674.562123        1.175576        78.786362
19699.640742        1.176961        78.554114
19724.665646        1.178502        78.506974
19749.573720        1.179700        78.700987
19774.532441        1.181149        78.570811
19799.483625        1.182334        78.464132
19824.625844        1.183717        78.629659
19874.552056        1.186331        78.527666
19899.469419        1.187721        78.519255
19924.616303        1.188962        78.539144
19949.641569        1.190387        78.527730
19974.584409        1.191428        78.404176
19999.528578        1.192850        78.413272
20024.560123        1.194185        78.507476
20049.632651        1.195410        78.406073
20074.654361        1.196912        78.326434
20099.512117        1.197946        78.615442
20124.555135        1.199159        78.578760
20149.485044        1.200438        78.621055
20174.525198        1.201783        78.419726
20199.587304        1.203092        78.352484
20249.546197        1.205685        78.520888
20274.648234        1.206777        78.560840
20299.588519        1.208194        78.229635
20324.552918        1.209472        78.351778
20349.554142        1.210711        78.552518
20374.508740        1.211998        78.275428
20399.656081        1.213123        78.224138
20424.532999        1.214429        78.502576
20449.541035        1.215600        78.426017
20474.502972        1.216879        78.368408
20499.653619        1.218166        78.479350
20524.489574        1.219489        78.320467