2,084951
2,068591
2,053494
2,038843
2,023580
2,009035
1,994359
1,979021
1,963862
1,948641
1,933340
1,918339
1,903101
1,887943
1,872513
1,857479
1,842633
1,827403
1,812024
1,796978
1,782081
1,767627
1,752460
1,737374
1,722606
1,708107
1,693450
1,678658
1,664185
1,649570
1,635265
1,621010
1,606623
1,592692
1,578534
1,564617
1,550714
1,536754
1,523211
1,509303
1,496019
1,482206
1,469352
1,455843
1,442551
1,429294
1,416365
1,403562
1,390812
1,378203
1,365290
1,352766
1,340375
1,327865
1,315680
1,303241
1,291303
1,279480
1,267489
1,255585
1,243667
1,232105
1,220740
1,209237
1,197733
1,186468
1,175314
1,153086
1,141978
1,131303
1,120359
1,109657
1,099009
1,088408
1,077892
1,067585
1,057253
1,046943
1,036870
1,026834
1,016559
1,006953
0,996772
0,987295
0,977350
0,967905
0,958214
0,948775
0,939213
0,930044
0,920555
0,911492
0,902279
0,893340
0,884179
0,866448
0,857511
0,848539
0,840113
0,831147
0,822725
0,814330
0,805808
0,797338
0,789172
0,780615
0,772540
0,764364
0,756104
0,740182
0,732074
0,724236
0,716381
0,708396
0,700587
0,693235
0,685614
0,678053
0,670361
0,662928
0,655449
0,648048
0,640459
0,633468
0,626117
0,618872
0,611824
0,604546
0,597509
0,590412
0,583520
0,576494
0,569707
0,562844
0,555785
0,549348
0,542335
0,528949
0,522311
0,515827
0,509168
0,502769
0,496431
0,489765
0,483407
0,477089
0,470792
0,464545
0,458401
0,452188
0,445774
0,439784
0,427601
0,421439
0,415518
0,409659
0,403504
0,397450
0,391734
0,385896
0,380090
0,374137
0,368429
0,362938
0,357177
0,351437
0,340204
0,334540
0,329064
0,323646
0,318205
0,312615
0,307221
0,301892
0,296377
0,291123
0,285800
0,280558
0,275303
0,270159
0,264780
0,259657
0,254366
0,249332
0,244123
0,239119
0,234039
0,229076
0,224249
0,219227
0,214281
0,209120
0,204117
0,199505
0,189889
0,185019
0,180173
0,175514
0,170728
0,166145
0,161336
0,156793
0,152218
0,147456
0,143083
0,138420
0,134071
0,129805
0,125024
0,120871
0,116506
0,112314
0,108061
0,103879
0,099672
0,095756
0,091526
0,087397
0,083523
0,079740
0,075922
0,072187
0,068841
0,065193
0,061867
0,058638
0,055537
0,052921
0,050039
0,047588
0,045553
0,043675
0,042283
0,041235
0,040751
0,040292
0,040451
0,042137
0,043708
0,045258
0,047258
0,049622
0,052119
0,054801
0,057404
0,060470
0,063587
0,066578
0,069738
0,073200
0,076495
0,079776
0,083079
0,086561
0,089993
0,093759
0,097017
0,100548
0,104043
0,107609
0,111137
0,114929
0,118120
0,121887
0,125407
0,128982
0,132658
0,135938
0,139563
0,143173
0,146856
0,150186
0,153838
0,157250
0,160874
0,164330
0,167841
0,171409
0,174905
0,178229
0,181890
0,185441
0,188859
0,192267
0,195783
0,199150
0,202680
0,206188
0,209566
0,213185
0,216326
0,219775
0,223257
0,226596
0,230162
0,233395
0,236584
0,240096
0,243396
0,246602
0,250196
0,253361
0,256739
0,260049
0,263393
0,266482
0,269927
0,273131
0,276360
0,279378
0,282810
0,286096
0,289313
0,292339
0,295784
0,298894
0,302094
0,305179
0,308403
0,311600
0,317918
0,321220
0,324164
0,327517
0,330394
0,333502
0,336760
0,339668
0,342927
0,345816
0,348958
0,352055
0,355061
0,358125
0,361082
0,364117
0,367164
0,370174
0,373446
0,376201
0,379200
0,382250
0,385171
0,388109
0,391112
0,394082
0,396956
0,399849
0,402994
0,405821
0,408966
0,411423
0,414689
0,417452
0,420391
0,423245
0,426194
0,429099
0,432032
0,434696
0,437594
0,440332
0,443252
0,446021
0,448860
0,451694
0,454271
0,457298
0,460070
0,462828
0,465616
0,468398
0,471058
0,473938
0,476498
0,479405
0,482059
0,484844
0,487459
0,490407
0,492981
0,495807
0,498462
0,501172
0,503795
0,506472
0,509382
0,511712
0,514427
0,517267
0,519824
0,522443
0,527676
0,530345
0,533031
0,535553
0,538260
0,540579
0,543275
0,545870
0,548551
0,551060
0,553663
0,556201
0,558756
0,561480
0,563977
0,568925
0,571609
0,573987
0,576647
0,579215
0,581650
0,584140
0,586583
0,589201
0,591662
0,593917
0,596504
0,599020
0,601422
0,603742
0,606454
0,608802
0,611090
0,613888
0,616077
0,618518
0,621020
0,623444
0,625752
0,628468
0,630599
0,632993
0,635564
0,637529
0,642497
0,645048
0,647512
0,649649
0,651888
0,654385
0,656752
0,659025
0,661575
0,663641
0,666031
0,668384
0,671121
0,672787
0,677704
0,680074
0,682193
0,684211
0,686768
0,688974
0,691324
0,693771
0,695872
0,698011
0,700357
0,702522
0,704809
0,707108
0,709250
0,713827
0,716143
0,718326
0,720442
0,722724
0,724881
0,727117
0,729302
0,731430
0,733542
0,735875
0,738026
0,740064
0,742330
0,744666
0,746752
0,748896
0,750873
0,753187
0,755167
0,757326
0,759337
0,761771
0,763702
0,765951
0,767950
0,770023
0,772019
0,774137
0,776443
0,778483
0,780575
0,782563
0,784748
0,786752
0,788681
0,790844
0,792828
0,794976
0,797088
0,799066
0,800909
0,803073
0,805157
0,807282
0,809130
0,811255
0,813175
0,815208
0,817335
0,819365
0,821149
0,823243
0,825249
0,827232
0,829333
0,831119
0,833202
0,835000
0,837256
0,839069
0,841025
0,842834
0,844894
0,847100
0,848970
0,850839
0,852751
0,854699
0,856348
0,858507
0,860340
0,862334
0,864215
0,866112
0,868060
0,870038
0,871931
0,873804
0,875668
0,877526
0,879307
0,881220
0,883039
0,885009
0,887091
0,888783
0,890645
0,892443
0,894315
0,896367
0,898217
0,900142
0,901831
0,903750
0,905671
0,907260
0,909202
0,911090
0,912958
0,914600
0,916369
0,918173
0,920149
0,921881
0,923715
0,925496
0,927016
0,928883
0,930774
0,932553
0,934351
0,937790
0,939671
0,941369
0,943313
0,944894
0,946731
0,948629
0,950298
0,952047
0,953697
0,955483
0,957386
0,959165
0,960814
0,964258
0,965834
0,967707
0,969299
0,970961
0,972730
0,974418
0,976151
0,977888
0,979504
0,981236
0,982939
0,984860
0,986266
0,987823
0,989713
0,991321
0,992993
0,994851
0,996423
0,997685
0,999786
1,001231
1,003046
1,004531
1,006281
1,007810
1,010892
1,012731
1,014178
1,015980
1,017439
1,019045
1,020764
1,022462
1,023774
1,025598
1,027178
1,028712
1,030351
1,031968
1,033437
1,035168
1,036826
1,038269
1,040059
1,041476
1,043153
1,044493
1,046123
1,047706
1,049344
1,050839
1,052451
1,053973
1,055323
1,056938
1,058480
1,060094
1,061732
1,063052
1,064820
1,066379
1,067730
1,069334
1,070750
1,072279
1,074005
1,075243
1,076805
1,079860
1,081581
1,082762
1,084512
1,085703
1,087165
1,088859
1,090415
1,091721
1,093109
1,094664
1,096082
1,097580
1,099054
1,100483
1,103468
1,106275
1,107908
1,109292
1,110693
1,111995
1,113496
1,114885
1,116610
1,117879
1,119351
1,120480
1,122128
1,123535
1,124905
1,126436
1,127820
1,129130
1,130603
1,131826
1,133546
1,134993
1,136480
1,137594
1,139072
1,140479
1,141842
1,143264
1,146033
1,147282
1,148822
1,150206
1,151530
1,152771
1,154254
1,155567
1,156765
1,158289
1,159800
1,161020
1,162421
1,163631
1,164893
1,166424
1,167896
1,169060
1,170285
1,171640
1,172899
1,174257
1,175576
1,176961
1,178502
1,179700
1,181149
1,182334
1,183717
1,186331
1,187721
1,188962
1,190387
1,191428
1,192850
1,194185
1,195410
1,196912
1,197946
1,199159
1,200438
1,201783
1,203092
1,205685
1,206777
1,208194
1,209472
1,210711
1,211998
1,213123
1,214429
1,215600
1,216879
1,218166
1,219489
