0.000000	-4.542250E-2
0.000010	1.081010E-1	
0.000020	2.651650E-1	
0.000030	4.199761E-1	
0.000040	5.689939E-1	
0.000050	7.218740E-1	
0.000060	8.708920E-1	
0.000070	1.014117	   
0.000080	1.153801	   
0.000090	1.289623	   
0.000100	1.420296	   
0.000110	1.545175	   
0.000120	1.665227	   
0.000130	1.776267	   
0.000140	1.883766	   
0.000150	1.979357	   
0.000160	2.066580	   
0.000170	2.151549	   
0.000180	2.223967	   
0.000190	2.288982	   
0.000200	2.344663	   
0.000210	2.388757	   
0.000220	2.427701	   
0.000230	2.454094	   
0.000240	2.470830	   
0.000250	2.480808	   
0.000260	2.477267	   
0.000270	2.466646	   
0.000280	2.443794	   
0.000290	2.412896	   
0.000300	2.370733	   
0.000310	2.319880	   
0.000320	2.261946	   
0.000330	2.195322	   
0.000340	2.114858	   
0.000350	2.032463	   
0.000360	1.941378	   
0.000370	1.835810	   
0.000380	1.730563	   
0.000390	1.611477	   
0.000400	1.493357	   
0.000410	1.363006	   
0.000420	1.230724	   
0.000430	1.093293	   
0.000440	9.503897E-1	
0.000450	8.045902E-1	
0.000460	6.536412E-1	
0.000470	5.030140E-1	
0.000480	3.491685E-1	
0.000490	1.946793E-1	
0.000500	4.147759E-2	
0.000510	-1.130114E-1
0.000520	-2.671786E-1
0.000530	-4.252078E-1
0.000540	-5.732596E-1
0.000550	-7.261391E-1
0.000560	-8.745127E-1
0.000570	-1.020955	  
0.000580	-1.161926	  
0.000590	-1.296460	  
0.000600	-1.424878	  
0.000610	-1.549757	  
0.000620	-1.671094	  
0.000630	-1.781489	  
0.000640	-1.889953	  
0.000650	-1.984255	  
0.000660	-2.073086	  
0.000670	-2.158055	  
0.000680	-2.230793	  
0.000690	-2.296451	  
0.000700	-2.350200	  
0.000710	-2.396546	  
0.000720	-2.434846	  
0.000730	-2.460916	  
0.000740	-2.478296	  
0.000750	-2.486343	  
0.000760	-2.480871	  
0.000770	-2.471859	  
0.000780	-2.450295	  
0.000790	-2.418754	  
0.000800	-2.376913	  
0.000810	-2.327670	  
0.000820	-2.265231	  
0.000830	-2.198286	  
0.000840	-2.121364	  
0.000850	-2.035751	  
0.000860	-1.945633	  
0.000870	-1.841032	  
0.000880	-1.735465	  
0.000890	-1.616380	  
0.000900	-1.496329	  
0.000910	-1.368233	  
0.000920	-1.236595	  
0.000930	-1.097234	  
0.000940	-9.556192E-1
0.000950	-8.082113E-1
0.000960	-6.572629E-1
0.000970	-5.076019E-1
0.000980	-3.524693E-1
0.000990	-1.983022E-1
0.001000	-4.477880E-2
0.001010	1.100321E-1	
0.001020	2.629120E-1	
0.001030	4.209416E-1	
0.001040	5.722124E-1	
0.001050	7.225177E-1	
0.001060	8.702483E-1	
0.001070	1.014760	   
0.001080	1.155089	   
0.001090	1.290911	   
0.001100	1.424802	   
0.001110	1.545497	   
0.001120	1.664905	   
0.001130	1.775623	   
0.001140	1.882479	   
0.001150	1.979679	   
0.001160	2.068833	   
0.001170	2.152837	   
0.001180	2.223967	   
0.001190	2.289304	   
0.001200	2.344663	   
0.001210	2.388757	   
0.001220	2.427701	   
0.001230	2.455059	   
0.001240	2.472117	   
0.001250	2.479842	   
0.001260	2.475980	   
0.001270	2.466002	   
0.001280	2.443472	   
0.001290	2.411609	   
0.001300	2.370733	   
0.001310	2.321811	   
0.001320	2.261624	   
0.001330	2.194356	   
0.001340	2.112927	   
0.001350	2.029245	   
0.001360	1.940091	   
0.001370	1.835166	   
0.001380	1.730563	   
0.001390	1.610512	   
0.001400	1.492391	   
0.001410	1.362040	   
0.001420	1.230724	   
0.001430	1.091683	   
0.001440	9.519990E-1	
0.001450	8.029810E-1	
0.001460	6.533193E-1	
0.001470	5.039796E-1	
0.001480	3.488466E-1	
0.001490	1.943574E-1	
0.001500	4.212129E-2	
0.001510	-1.130114E-1
0.001520	-2.687878E-1
0.001530	-4.232767E-1
0.001540	-5.748689E-1
0.001550	-7.277484E-1
0.001560	-8.751564E-1
0.001570	-1.020955	  
0.001580	-1.159029	  
0.001590	-1.296460	  
0.001600	-1.428097	  
0.001610	-1.551366	  
0.001620	-1.672060	  
0.001630	-1.784386	  
0.001640	-1.888344	  
0.001650	-1.985865	  
0.001660	-2.074374	  
0.001670	-2.158377	  
0.001680	-2.229828	  
0.001690	-2.295807	  
0.001700	-2.349234	  
0.001710	-2.397834	  
0.001720	-2.434846	  
0.001730	-2.460273	  
0.001740	-2.478618	  
0.001750	-2.485699	  
0.001760	-2.483124	  
0.001770	-2.470250	  
0.001780	-2.448364	  
0.001790	-2.417788	  
0.001800	-2.377235	  
0.001810	-2.327348	  
0.001820	-2.267806	  
0.001830	-2.199252	  
0.001840	-2.121364	  
0.001850	-2.034464	  
0.001860	-1.944990	  
0.001870	-1.840066	  
0.001880	-1.734499	  
0.001890	-1.616702	  
0.001900	-1.496651	  
0.001910	-1.366623	  
0.001920	-1.234986	  
0.001930	-1.096912	  
0.001940	-9.565848E-1
0.001950	-8.066020E-1
0.001960	-6.579066E-1
0.001970	-5.069582E-1
0.001980	-3.524693E-1
0.001990	-1.970148E-1
0.002000	-4.477880E-2
0.002010	1.090666E-1	
0.002020	2.654868E-1	
0.002030	4.186886E-1	
0.002040	5.696376E-1	
0.002050	7.221959E-1	
0.002060	8.702483E-1	
0.002070	1.015726	   
0.002080	1.154445	   
0.002090	1.291876	   
0.002100	1.424480	   
0.002110	1.547750	   
0.002120	1.666836	   
0.002130	1.776910	   
0.002140	1.885697	   
0.002150	1.979035	   
0.002160	2.068511	   
0.002170	2.153159	   
0.002180	2.224932	   
0.002190	2.288338	   
0.002200	2.344019	   
0.002210	2.391010	   
0.002220	2.428989	   
0.002230	2.453450	   
0.002240	2.468899	   
0.002250	2.478876	   
0.002260	2.477589	   
0.002270	2.465680	   
0.002280	2.442507	   
0.002290	2.413540	   
0.002300	2.371377	   
0.002310	2.321167	   
0.002320	2.262590	   
0.002330	2.195000	   
0.002340	2.114536	   
0.002350	2.030532	   
0.002360	1.937516	   
0.002370	1.834201	   
0.002380	1.731529	   
0.002390	1.613087	   
0.002400	1.490138	   
0.002410	1.362684	   
0.002420	1.231690	   
0.002430	1.092971	   
0.002440	9.503897E-1	
0.002450	8.033028E-1	
0.002460	6.529975E-1	
0.002470	5.030140E-1	
0.002480	3.478811E-1	
0.002490	1.933919E-1	
0.002500	4.083388E-2	
0.002510	-1.126896E-1
0.002520	-2.675004E-1
0.002530	-4.264952E-1
0.002540	-5.745470E-1
0.002550	-7.264610E-1
0.002560	-8.748345E-1
0.002570	-1.020311	  
0.002580	-1.159995	  
0.002590	-1.293885	  
0.002600	-1.428741	  
0.002610	-1.552010	  
0.002620	-1.671416	  
0.002630	-1.782455	  
0.002640	-1.888987	  
0.002650	-1.986508	  
0.002660	-2.074695	  
0.002670	-2.159342	  
0.002680	-2.231437	  
0.002690	-2.296129	  
0.002700	-2.352131	  
0.002710	-2.397512	  
0.002720	-2.432593	  
0.002730	-2.460595	  
0.002740	-2.477009	  
0.002750	-2.485055	  
0.002760	-2.483124	  
0.002770	-2.471859	  
0.002780	-2.452226	  
0.002790	-2.418110	  
0.002800	-2.378201	  
0.002810	-2.326061	  
0.002820	-2.265231	  
0.002830	-2.198286	  
0.002840	-2.120398	  
0.002850	-2.036073	  
0.002860	-1.943702	  
0.002870	-1.840388	  
0.002880	-1.733855	  
0.002890	-1.615736	  
0.002900	-1.495364	  
0.002910	-1.365980	  
0.002920	-1.236595	  
0.002930	-1.098199	  
0.002940	-9.556192E-1
0.002950	-8.078894E-1
0.002960	-6.575848E-1
0.002970	-5.066363E-1
0.002980	-3.515038E-1
0.002990	-1.957274E-1
0.003000	-4.445695E-2
0.003010	1.074573E-1	
0.003020	2.658087E-1	
0.003030	4.209416E-1	
0.003040	5.725342E-1	
0.003050	7.241270E-1	
0.003060	8.705701E-1	
0.003070	1.017335	   
0.003080	1.153157	   
0.003090	1.292520	   
0.003100	1.423193	   
0.003110	1.548716	   
0.003120	1.667480	   
0.003130	1.777232	   
0.003140	1.886019	   
0.003150	1.982254	   
0.003160	2.070120	   
0.003170	2.153802	   
0.003180	2.226542	   
0.003190	2.288982	   
0.003200	2.344663	   
0.003210	2.390044	   
0.003220	2.428023	   
0.003230	2.455059	   
0.003240	2.473083	   
0.003250	2.478233	   
0.003260	2.476945	   
0.003270	2.466002	   
0.003280	2.443472	   
0.003290	2.412574	   
0.003300	2.372664	   
0.003310	2.321167	   
0.003320	2.261946	   
0.003330	2.193069	   
0.003340	2.114536	   
0.003350	2.030854	   
0.003360	1.937516	   
0.003370	1.833557	   
0.003380	1.728954	   
0.003390	1.613408	   
0.003400	1.489816	   
0.003410	1.363972	   
0.003420	1.230402	   
0.003430	1.092327	   
0.003440	9.503897E-1	
0.003450	8.026591E-1	
0.003460	6.523538E-1	
0.003470	5.043015E-1	
0.003480	3.482029E-1	
0.003490	1.940356E-1	
0.003500	3.922462E-2	
0.003510	-1.136552E-1
0.003520	-2.694315E-1
0.003530	-4.255297E-1
0.003540	-5.739033E-1
0.003550	-7.274265E-1
0.003560	-8.751564E-1
0.003570	-1.023530	  
0.003580	-1.160317	  
0.003590	-1.296138	  
0.003600	-1.428419	  
0.003610	-1.551688	  
0.003620	-1.672382	  
0.003630	-1.785030	  
0.003640	-1.889309	  
0.003650	-1.987152	  
0.003660	-2.076305	  
0.003670	-2.159020	  
0.003680	-2.232724	  
0.003690	-2.297738	  
0.003700	-2.349556	  
0.003710	-2.396546	  
0.003720	-2.435168	  
0.003730	-2.459951	  
0.003740	-2.477009	  
0.003750	-2.485699	  
0.003760	-2.484090	  
0.003770	-2.471216	  
0.003780	-2.448686	  
0.003790	-2.419076	  
0.003800	-2.377557	  
0.003810	-2.327348	  
0.003820	-2.267806	  
0.003830	-2.195389	  
0.003840	-2.123295	  
0.003850	-2.034786	  
0.003860	-1.943058	  
0.003870	-1.840388	  
0.003880	-1.732246	  
0.003890	-1.615092	  
0.003900	-1.493111	  
0.003910	-1.364370	  
0.003920	-1.234986	  
0.003930	-1.097234	  
0.003940	-9.549755E-1
0.003950	-8.078894E-1
0.003960	-6.556536E-1
0.003970	-5.063145E-1
0.003980	-3.515038E-1
0.003990	-1.970148E-1
0.004000	-4.349139E-2
0.004010	1.103540E-1	
0.004020	2.667742E-1	
0.004030	4.225509E-1	
0.004040	5.725342E-1	
0.004050	7.244488E-1	
0.004060	8.699264E-1	
0.004070	1.017657	   
0.004080	1.156376	   
0.004090	1.293486	   
0.004100	1.424802	   
0.004110	1.547428	   
0.004120	1.665871	   
0.004130	1.779485	   
0.004140	1.885054	   
0.004150	1.982254	   
0.004160	2.070442	   
0.004170	2.154768	   
0.004180	2.225898	   
0.004190	2.290269	   
0.004200	2.346916	   
0.004210	2.391010	   
0.004220	2.427380	   
0.004230	2.452806	   
0.004240	2.471796	   
0.004250	2.478555	   
0.004260	2.476623	   
0.004270	2.466646	   
0.004280	2.442507	   
0.004290	2.412896	   
0.004300	2.372020	   
0.004310	2.322455	   
0.004320	2.261302	   
0.004330	2.191460	   
0.004340	2.115824	   
0.004350	2.029888	   
0.004360	1.937194	   
0.004370	1.833235	   
0.004380	1.726701	   
0.004390	1.611799	   
0.004400	1.488529	   
0.004410	1.363006	   
0.004420	1.228793	   
0.004430	1.088787	   
0.004440	9.510334E-1	
0.004450	8.023373E-1	
0.004460	6.510663E-1	
0.004470	5.023703E-1	
0.004480	3.478811E-1	
0.004490	1.911389E-1	
0.004500	4.083388E-2	
0.004510	-1.165518E-1
0.004520	-2.678223E-1
0.004530	-4.245641E-1
0.004540	-5.755126E-1
0.004550	-7.290358E-1
0.004560	-8.764438E-1
0.004570	-1.020311	  
0.004580	-1.162570	  
0.004590	-1.297103	  
0.004600	-1.430028	  
0.004610	-1.552975	  
0.004620	-1.672382	  
0.004630	-1.783742	  
0.004640	-1.890919	  
0.004650	-1.987796	  
0.004660	-2.077270	  
0.004670	-2.158698	  
0.004680	-2.233046	  
0.004690	-2.293876	  
0.004700	-2.351487	  
0.004710	-2.396546	  
0.004720	-2.432272	  
0.004730	-2.461560	  
0.004740	-2.477653	  
0.004750	-2.486664	  
0.004760	-2.484090	  
0.004770	-2.469928	  
0.004780	-2.451261	  
0.004790	-2.418754	  
0.004800	-2.378523	  
0.004810	-2.327670	  
0.004820	-2.267162	  
0.004830	-2.196999	  
0.004840	-2.119755	  
0.004850	-2.035430	  
0.004860	-1.943058	  
0.004870	-1.841032	  
0.004880	-1.731924	  
0.004890	-1.615414	  
0.004900	-1.493433	  
0.004910	-1.367589	  
0.004920	-1.236274	  
0.004930	-1.097234	  
0.004940	-9.533663E-1
0.004950	-8.078894E-1
0.004960	-6.556536E-1
0.004970	-5.072800E-1
0.004980	-3.515038E-1
0.004990	-1.973367E-1