0.377893	-2.643323E-2
0.377897	4.360687E-1	
0.377901	8.850535E-1	
0.377905	1.299601E+0	
0.377909	1.661687E+0	
0.377913	1.963264E+0	
0.377917	2.190494E+0	
0.377921	2.338869E+0	
0.377925	2.399700E+0	
0.377929	2.369124E+0	
0.377933	2.249393E+0	
0.377937	2.045337E+0	
0.377941	1.765002E+0	
0.377945	1.418687E+0	
0.377949	1.022163E+0	
0.377953	5.837991E-1	
0.377957	1.264466E-1	
0.377961	-3.366986E-1
0.377965	-7.905094E-1
0.377969	-1.209882E+0
0.377973	-1.590310E+0
0.377977	-1.908942E+0
0.377981	-2.155480E+0
0.377985	-2.321877E+0
0.377989	-2.401696E+0
0.377993	-2.393650E+0
0.377997	-2.294520E+0
0.378001	-2.108812E+0
0.378005	-1.845538E+0
0.378009	-1.515319E+0
0.378013	-1.127166E+0
0.378017	-6.942758E-1
0.378021	-2.378900E-1
0.378025	2.239679E-1	
0.378029	6.793894E-1	
0.378033	1.108742E+0	
0.378037	1.500760E+0	
0.378041	1.831626E+0	
0.378045	2.097156E+0	
0.378049	2.281257E+0	
0.378053	2.381354E+0	
0.378057	2.394872E+0	
0.378061	2.316339E+0	
0.378065	2.152193E+0	
0.378069	1.907905E+0	
0.378073	1.590557E+0	
0.378077	1.212700E+0	
0.378081	7.913943E-1	
0.378085	3.417659E-1	
0.378089	-1.220233E-1
0.378093	-5.803404E-1
0.378097	-1.019024E+0
0.378101	-1.419407E+0
0.378105	-1.766684E+0
0.378109	-2.047338E+0
0.378113	-2.253323E+0
0.378117	-2.375948E+0
0.378121	-2.407811E+0
0.378125	-2.351487E+0
0.378129	-2.208907E+0
0.378133	-1.981037E+0
0.378137	-1.676888E+0
0.378141	-1.313196E+0
0.378145	-8.999389E-1
0.378149	-4.535308E-1
0.378153	5.430139E-3	
0.378157	4.685758E-1	
0.378161	9.143422E-1	
0.378165	1.323740E+0	
0.378169	1.684860E+0	
0.378173	1.980323E+0	
0.378177	2.204977E+0	
0.378181	2.346594E+0	
0.378185	2.399378E+0	
0.378189	2.362365E+0	
0.378193	2.239094E+0	
0.378197	2.032463E+0	
0.378201	1.744403E+0	
0.378205	1.397766E+0	
0.378209	9.957711E-1	
0.378213	5.561198E-1	
0.378217	9.747988E-2	
0.378221	-3.656652E-1
0.378225	-8.165794E-1
0.378229	-1.236595E+0
0.378233	-1.612196E+0
0.378237	-1.925035E+0
0.378241	-2.167388E+0
0.378245	-2.329279E+0
0.378249	-2.403627E+0
0.378253	-2.389144E+0
0.378257	-2.285508E+0
0.378261	-2.095616E+0
0.378265	-1.828801E+0
0.378269	-1.490858E+0
0.378273	-1.099165E+0
0.378277	-6.649873E-1
0.378281	-2.082797E-1
0.378285	2.532564E-1	
0.378289	7.064251E-1	
0.378293	1.137065E+0	
0.378297	1.522324E+0	
0.378301	1.849328E+0	
0.378305	2.111639E+0	
0.378309	2.288016E+0	
0.378313	2.387469E+0	
0.378317	2.392297E+0	
0.378321	2.308293E+0	
0.378325	2.136744E+0	
0.378329	1.888272E+0	
0.378333	1.568671E+0	
0.378337	1.186630E+0	
0.378341	7.650023E-1	
0.378345	3.099025E-1	
0.378349	-1.480933E-1
0.378353	-6.080196E-1
0.378357	-1.046059E+0
0.378361	-1.442902E+0
0.378365	-1.786639E+0
0.378369	-2.061500E+0
0.378373	-2.263300E+0
0.378377	-2.379166E+0
0.378381	-2.408777E+0
0.378385	-2.341510E+0
0.378389	-2.192493E+0
0.378393	-1.962048E+0
0.378397	-1.656933E+0
0.378401	-1.289701E+0
0.378405	-8.712942E-1
0.378409	-4.261734E-1
0.378413	3.922462E-2	
0.378417	4.956114E-1	
0.378421	9.375156E-1	
0.378425	1.347557E+0	
0.378429	1.705459E+0	
0.378433	1.998668E+0	
0.378437	2.216886E+0	
0.378441	2.353031E+0	
0.378445	2.401631E+0	
0.378449	2.356893E+0	
0.378453	2.228473E+0	
0.378457	2.012830E+0	
0.378461	1.726057E+0	
0.378465	1.372340E+0	
0.378469	9.677698E-1	
0.378473	5.271530E-1	
0.378477	6.271984E-2	
0.378481	-3.968849E-1
0.378485	-8.461898E-1
0.378489	-1.263631E+0
0.378493	-1.633116E+0
0.378497	-1.942737E+0
0.378501	-2.181872E+0
0.378505	-2.335073E+0
0.378509	-2.404271E+0
0.378513	-2.388178E+0
0.378517	-2.276174E+0
0.378521	-2.079201E+0
0.378525	-1.807881E+0
0.378529	-1.468006E+0
0.378533	-1.073417E+0
0.378537	-6.373081E-1
0.378541	-1.806004E-1
0.378545	2.806139E-1	
0.378549	7.363574E-1	
0.378553	1.162169E+0	
0.378557	1.544532E+0	
0.378561	1.869283E+0	
0.378565	2.125479E+0	
0.378569	2.298637E+0	
0.378573	2.387469E+0	
0.378577	2.389401E+0	
0.378581	2.298637E+0	
0.378585	2.124836E+0	
0.378589	1.869283E+0	
0.378593	1.545819E+0	
0.378597	1.161526E+0	
0.378601	7.376448E-1	
0.378605	2.802920E-1	
0.378609	-1.796348E-1
0.378613	-6.350551E-1
0.378617	-1.073739E+0
0.378621	-1.465753E+0
0.378625	-1.806915E+0
0.378629	-2.081454E+0
0.378633	-2.274887E+0
0.378637	-2.385281E+0
0.378641	-2.405880E+0
0.378645	-2.337648E+0
0.378649	-2.183481E+0
0.378653	-1.943380E+0
0.378657	-1.635047E+0
0.378661	-1.263309E+0
0.378665	-8.432931E-1
0.378669	-3.946319E-1
0.378673	6.465095E-2	
0.378677	5.255437E-1	
0.378681	9.671261E-1	
0.378685	1.371374E+0	
0.378689	1.726057E+0	
0.378693	2.012508E+0	
0.378697	2.226542E+0	
0.378701	2.356571E+0	
0.378705	2.399700E+0	
0.378709	2.351743E+0	
0.378713	2.216564E+0	
0.378717	2.001243E+0	
0.378721	1.704815E+0	
0.378725	1.349166E+0	
0.378729	9.397686E-1	
0.378733	4.985081E-1	
0.378737	3.761536E-2	
0.378741	-4.226330E-1
0.378745	-8.729034E-1
0.378749	-1.287770E+0
0.378753	-1.654358E+0
0.378757	-1.959795E+0
0.378761	-2.193137E+0
0.378765	-2.343763E+0
0.378769	-2.407811E+0
0.378773	-2.378844E+0
0.378777	-2.265231E+0
0.378781	-2.065684E+0
0.378785	-1.787926E+0
0.378789	-1.443546E+0
0.378793	-1.047025E+0
0.378797	-6.073759E-1
0.378801	-1.522774E-1
0.378805	3.111899E-1	
0.378809	7.611401E-1	
0.378813	1.187918E+0	
0.378817	1.567705E+0	
0.378821	1.886341E+0	
0.378825	2.138997E+0	
0.378829	2.307006E+0	
0.378833	2.391010E+0	
0.378837	2.385860E+0	
0.378841	2.291557E+0	
0.378845	2.110996E+0	
0.378849	1.850615E+0	
0.378853	1.523289E+0	
0.378857	1.137708E+0	
0.378861	7.102873E-1	
0.378865	2.532564E-1	
0.378869	-2.073141E-1
0.378873	-6.640218E-1
0.378877	-1.097234E+0
0.378881	-1.488927E+0
0.378885	-1.825905E+0
0.378889	-2.094006E+0
0.378893	-2.285508E+0
0.378897	-2.387534E+0
0.378901	-2.403305E+0
0.378905	-2.329601E+0
0.378909	-2.169963E+0
0.378913	-1.926322E+0
0.378917	-1.614770E+0
0.378921	-1.239170E+0
0.378925	-8.181887E-1
0.378929	-3.663089E-1
0.378933	9.168654E-2	
0.378937	5.551542E-1	
0.378941	9.912651E-1	
0.378945	1.397444E+0	
0.378949	1.746334E+0	
0.378953	2.029566E+0	
0.378957	2.237485E+0	
0.378961	2.362687E+0	
0.378965	2.399700E+0	
0.378969	2.345628E+0	
0.378973	2.207230E+0	
0.378977	1.980966E+0	
0.378981	1.684860E+0	
0.378985	1.322774E+0	
0.378989	9.114455E-1	
0.378993	4.672884E-1	
0.378997	7.361252E-3	
0.379001	-4.522434E-1
0.379005	-9.012264E-1
0.379009	-1.313196E+0
0.379013	-1.676566E+0
0.379017	-1.977496E+0
0.379021	-2.203114E+0
0.379025	-2.348590E+0
0.379029	-2.408455E+0
0.379033	-2.374982E+0
0.379037	-2.256219E+0
0.379041	-2.049269E+0
0.379045	-1.767650E+0
0.379049	-1.419729E+0
0.379053	-1.022242E+0
0.379057	-5.825933E-1
0.379061	-1.207359E-1
0.379065	3.404785E-1	
0.379069	7.910724E-1	
0.379073	1.214953E+0	
0.379077	1.589591E+0	
0.379081	1.904687E+0	
0.379085	2.151871E+0	
0.379089	2.314408E+0	
0.379093	2.394872E+0	
0.379097	2.383607E+0	
0.379101	2.283510E+0	
0.379105	2.096512E+0	
0.379109	1.833879E+0	
0.379113	1.500438E+0	
0.379117	1.110995E+0	
0.379121	6.797113E-1	
0.379125	2.223586E-1	
0.379129	-2.378900E-1
0.379133	-6.939540E-1
0.379137	-1.123626E+0
0.379141	-1.512100E+0
0.379145	-1.843928E+0
0.379149	-2.107202E+0
0.379153	-2.293554E+0
0.379157	-2.388500E+0
0.379161	-2.402018E+0
0.379165	-2.323486E+0
0.379169	-2.154836E+0
0.379173	-1.910230E+0
0.379177	-1.590310E+0
0.379181	-1.213744E+0
0.379185	-7.898657E-1
0.379189	-3.366986E-1
0.379193	1.219407E-1	
0.379197	5.841209E-1	
0.379201	1.020554E+0	
0.379205	1.420618E+0	
0.379209	1.766611E+0	
0.379213	2.044694E+0	
0.379217	2.248428E+0	
0.379221	2.368158E+0	
0.379225	2.398413E+0	
0.379229	2.341444E+0	
0.379233	2.196287E+0	
0.379237	1.967770E+0	
0.379241	1.663618E+0	
0.379245	1.301210E+0	
0.379249	8.856972E-1	
0.379253	4.396091E-1	
0.379257	-2.192730E-2
0.379261	-4.808882E-1
0.379265	-9.272963E-1
0.379269	-1.339266E+0
0.379273	-1.697808E+0
0.379277	-1.992945E+0
0.379281	-2.216632E+0
0.379285	-2.355671E+0
0.379289	-2.409098E+0
0.379293	-2.370154E+0
0.379297	-2.243667E+0
0.379301	-2.034786E+0
0.379305	-1.747051E+0
0.379309	-1.396555E+0
0.379313	-9.942414E-1
0.379317	-5.529830E-1
0.379321	-9.337847E-2
0.379325	3.697670E-1	
0.379329	8.190736E-1	
0.379333	1.240058E+0	
0.379337	1.609546E+0	
0.379341	1.922067E+0	
0.379345	2.164102E+0	
0.379349	2.320523E+0	
0.379353	2.398091E+0	
0.379357	2.378457E+0	
0.379361	2.273854E+0	
0.379365	2.083638E+0	
0.379369	1.814246E+0	
0.379373	1.475977E+0	
0.379377	1.086534E+0	
0.379381	6.513882E-1	
0.379385	1.950011E-1	
0.379389	-2.655693E-1
0.379393	-7.219551E-1
0.379397	-1.150983E+0
0.379401	-1.537204E+0
0.379405	-1.863883E+0
0.379409	-2.122973E+0
0.379413	-2.300635E+0
0.379417	-2.396224E+0
0.379421	-2.401052E+0
0.379425	-2.313831E+0
0.379429	-2.141962E+0
0.379433	-1.890275E+0
0.379437	-1.566493E+0
0.379441	-1.185743E+0
0.379445	-7.621865E-1
0.379449	-3.067663E-1
0.379453	1.521948E-1	
0.379457	6.114784E-1	
0.379461	1.046946E+0	
0.379465	1.445079E+0	
0.379469	1.786566E+0	
0.379473	2.062074E+0	
0.379477	2.259371E+0	
0.379481	2.373630E+0	
0.379485	2.396803E+0	
0.379489	2.332432E+0	
0.379493	2.181482E+0	
0.379497	1.947815E+0	
0.379501	1.643985E+0	
0.379505	1.274496E+0	
0.379509	8.567304E-1	
0.379513	4.116079E-1	
0.379517	-4.992843E-2
0.379521	-5.111422E-1
0.379525	-9.536881E-1
0.379529	-1.361474E+0
0.379533	-1.719694E+0
0.379537	-2.010325E+0
0.379541	-2.226287E+0
0.379545	-2.361464E+0
0.379549	-2.409098E+0
0.379553	-2.365649E+0
0.379557	-2.234012E+0
0.379561	-2.019337E+0
0.379565	-1.728062E+0
0.379569	-1.372738E+0
0.379573	-9.659185E-1
0.379577	-5.220852E-1
0.379581	-6.408993E-2
0.379585	3.980901E-1	
0.379589	8.480404E-1	
0.379593	1.263553E+0	
0.379597	1.632720E+0	
0.379601	1.940735E+0	
0.379605	2.175689E+0	
0.379609	2.331467E+0	
0.379613	2.397769E+0	
0.379617	2.375561E+0	
0.379621	2.263233E+0	
0.379625	2.068189E+0	
0.379629	1.792360E+0	
0.379633	1.454413E+0	
0.379637	1.056923E+0	
0.379641	6.220996E-1	
0.379645	1.650689E-1	
0.379649	-2.971108E-1
0.379653	-7.499562E-1
0.379657	-1.178340E+0
0.379661	-1.559090E+0
0.379665	-1.883194E+0
0.379669	-2.138100E+0
0.379673	-2.310612E+0
0.379677	-2.397834E+0
0.379681	-2.396224E+0
0.379685	-2.305462E+0
0.379689	-2.128445E+0
0.379693	-1.871929E+0
0.379697	-1.545251E+0
0.379701	-1.163213E+0
0.379705	-7.345073E-1
0.379709	-2.800526E-1
0.379713	1.827708E-1	
0.379717	6.407671E-1	
0.379721	1.073660E+0	
0.379725	1.468252E+0	
0.379729	1.804912E+0	
0.379733	2.076879E+0	
0.379737	2.268705E+0	
0.379741	2.376848E+0	
0.379745	2.398091E+0	
0.379749	2.326639E+0	
0.379753	2.170861E+0	
0.379757	1.930757E+0	
0.379761	1.621133E+0	
0.379765	1.250357E+0	
0.379769	8.303385E-1	
0.379773	3.810319E-1	
0.379777	-7.921698E-2
0.379781	-5.413963E-1
0.379785	-9.836203E-1
0.379789	-1.386256E+0
0.379793	-1.739005E+0
0.379797	-2.028027E+0
0.379801	-2.239483E+0
0.379805	-2.366292E+0
0.379809	-2.407811E+0
0.379813	-2.358568E+0
0.379817	-2.222747E+0
0.379821	-2.001957E+0
0.379825	-1.705854E+0
0.379829	-1.347312E+0
0.379833	-9.392048E-1
0.379837	-4.956934E-1
0.379841	-3.415768E-2
0.379845	4.270568E-1	
0.379849	8.744324E-1	
0.379853	1.288014E+0	
0.379857	1.654928E+0	
0.379861	1.957471E+0	
0.379865	2.188241E+0	
0.379869	2.337582E+0	
0.379873	2.399056E+0	
0.379877	2.367836E+0	
0.379881	2.252612E+0	
0.379885	2.053384E+0	
0.379889	1.774014E+0	
0.379893	1.429308E+0	
0.379897	1.029566E+0	
0.379901	5.937765E-1	
0.379905	1.348147E-1	
0.379909	-3.260775E-1
0.379913	-7.789228E-1
0.379917	-1.201514E+0
0.379921	-1.580976E+0
0.379925	-1.900896E+0
0.379929	-2.150009E+0
0.379933	-2.319946E+0
0.379937	-2.398799E+0
0.379941	-2.391397E+0
0.379945	-2.298382E+0
0.379949	-2.115249E+0
0.379953	-1.854871E+0
0.379957	-1.522399E+0
0.379961	-1.134890E+0
0.379965	-7.048969E-1
0.379969	-2.488330E-1
0.379973	2.117375E-1	
0.379977	6.690901E-1	
0.379981	1.099730E+0	
0.379985	1.488851E+0	
0.379989	1.826154E+0	
0.379993	2.090075E+0	
0.379997	2.277395E+0	
0.380001	2.380389E+0	
0.380005	2.393585E+0	
0.380009	2.318271E+0	
0.380013	2.157343E+0	
0.380017	1.912733E+0	
0.380021	1.598281E+0	
0.380025	1.223643E+0	
0.380029	8.026591E-1	
0.380033	3.520652E-1	
0.380037	-1.091492E-1
0.380041	-5.684319E-1
0.380045	-1.010012E+0
0.380049	-1.411039E+0
0.380053	-1.756707E+0
0.380057	-2.042188E+0
0.380061	-2.246886E+0
0.380065	-2.372086E+0
0.380069	-2.408777E+0
0.380073	-2.354706E+0
0.380077	-2.211482E+0
0.380081	-1.986508E+0
0.380085	-1.685578E+0
0.380089	-1.324461E+0
0.380093	-9.128130E-1
0.380097	-4.657612E-1
0.380101	-4.547279E-3
0.380105	4.560236E-1	
0.380109	9.027555E-1	
0.380113	1.314406E+0	
0.380117	1.675848E+0	
0.380121	1.973564E+0	
0.380125	2.201115E+0	
0.380129	2.344019E+0	
0.380133	2.399700E+0	
0.380137	2.365583E+0	
0.380141	2.243600E+0	
0.380145	2.037613E+0	
0.380149	1.753415E+0	
0.380153	1.406778E+0	
0.380157	1.003496E+0	
0.380161	5.651316E-1	
0.380165	1.068136E-1	
0.380169	-3.544004E-1
0.380173	-8.049928E-1
0.380177	-1.228549E+0
0.380181	-1.601896E+0
0.380185	-1.919885E+0
0.380189	-2.162561E+0
0.380193	-2.326383E+0
0.380197	-2.403949E+0
0.380201	-2.392040E+0
0.380205	-2.288726E+0
0.380209	-2.101409E+0
0.380213	-1.835882E+0
0.380217	-1.499548E+0
0.380221	-1.112039E+0
0.380225	-6.762521E-1
0.380229	-2.221193E-1
0.380233	2.403823E-1	
0.380237	6.958039E-1	
0.380241	1.127731E+0	
0.380245	1.513956E+0	
0.380249	1.844178E+0	
0.380253	2.104559E+0	
0.380257	2.286729E+0	
0.380261	2.384895E+0	
0.380265	2.391975E+0	
0.380269	2.310868E+0	
0.380273	2.145112E+0	
0.380277	1.897284E+0	
0.380281	1.577039E+0	
0.380285	1.196286E+0	
0.380289	7.753016E-1	
0.380293	3.227766E-1	
0.380297	-1.397252E-1
0.380301	-5.980422E-1
0.380305	-1.036404E+0
0.380309	-1.432281E+0
0.380313	-1.777305E+0
0.380317	-2.056028E+0
0.380321	-2.261369E+0
0.380325	-2.377557E+0
0.380329	-2.409098E+0
0.380333	-2.346659E+0
0.380337	-2.197964E+0
0.380341	-1.970738E+0
0.380345	-1.665623E+0
0.380349	-1.300322E+0
0.380353	-8.841682E-1
0.380357	-4.364726E-1
0.380361	2.924720E-2	
0.380365	4.853121E-1	
0.380369	9.278600E-1	
0.380373	1.338223E+0	
0.380377	1.697734E+0	
0.380381	1.989656E+0	
0.380385	2.211093E+0	
0.380389	2.349169E+0	
0.380393	2.400666E+0	
0.380397	2.360434E+0	
0.380401	2.231691E+0	
0.380405	2.022164E+0	
0.380409	1.733138E+0	
0.380413	1.381352E+0	
0.380417	9.767817E-1	
0.380421	5.358430E-1	
0.380425	7.816874E-2	
0.380429	-3.833671E-1
0.380433	-8.333157E-1
0.380437	-1.253010E+0
0.380441	-1.625070E+0
0.380445	-1.937265E+0
0.380449	-2.175435E+0
0.380453	-2.335716E+0
0.380457	-2.405558E+0
0.380461	-2.385603E+0
0.380465	-2.276818E+0
0.380469	-2.084351E+0
0.380473	-1.814640E+0
0.380477	-1.474765E+0
0.380481	-1.083716E+0
0.380485	-6.482511E-1
0.380489	-1.931526E-1
0.380493	2.709583E-1	
0.380497	7.228396E-1	
0.380501	1.154445E+0	
0.380505	1.535198E+0	
0.380509	1.862846E+0	
0.380513	2.118077E+0	
0.380517	2.294775E+0	
0.380521	2.389401E+0	
0.380525	2.391010E+0	
0.380529	2.302500E+0	
0.380533	2.129020E+0	
0.380537	1.878295E+0	
0.380541	1.553865E+0	
0.380545	1.172790E+0	
0.380549	7.473004E-1	
0.380553	2.928443E-1	
0.380557	-1.680482E-1
0.380561	-6.282963E-1
0.380565	-1.062796E+0
0.380569	-1.457707E+0
0.380573	-1.799835E+0
0.380577	-2.072764E+0
0.380581	-2.269737E+0
0.380585	-2.383994E+0
0.380589	-2.405236E+0
0.380593	-2.338291E+0
0.380597	-2.189274E+0
0.380601	-1.951748E+0
0.380605	-1.644381E+0
0.380609	-1.275861E+0
0.380613	-8.571327E-1
0.380617	-4.075060E-1
0.380621	5.338612E-2	
0.380625	5.133133E-1	
0.380629	9.571487E-1	
0.380633	1.364937E+0	
0.380637	1.718011E+0	
0.380641	2.008646E+0	
0.380645	2.223645E+0	
0.380649	2.357537E+0	
0.380653	2.400987E+0	
0.380657	2.355928E+0	
0.380661	2.223001E+0	
0.380665	2.005749E+0	
0.380669	1.713183E+0	
0.380673	1.358178E+0	
0.380677	9.494242E-1	
0.380681	5.068763E-1	
0.380685	4.920204E-2	
0.380689	-4.126556E-1
0.380693	-8.606731E-1
0.380697	-1.276827E+0
0.380701	-1.646634E+0
0.380705	-1.954001E+0
0.380709	-2.187343E+0
0.380713	-2.341832E+0
0.380717	-2.407167E+0
0.380721	-2.379810E+0
0.380725	-2.267806E+0
0.380729	-2.070511E+0
0.380733	-1.793398E+0
0.380737	-1.453845E+0
0.380741	-1.056359E+0
0.380745	-6.208937E-1
0.380749	-1.625767E-1
0.380753	3.005687E-1	
0.380757	7.534156E-1	
0.380761	1.179549E+0	
0.380765	1.559337E+0	
0.380769	1.880870E+0	
0.380773	2.133847E+0	
0.380777	2.304109E+0	
0.380781	2.390366E+0	
0.380785	2.388435E+0	
0.380789	2.294775E+0	
0.380793	2.116467E+0	
0.380797	1.859949E+0	
0.380801	1.531658E+0	
0.380805	1.146720E+0	
0.380809	7.205866E-1	
0.380813	2.635557E-1	
0.380817	-1.957274E-1
0.380821	-6.550099E-1
0.380825	-1.087256E+0
0.380829	-1.478949E+0
0.380833	-1.818824E+0
0.380837	-2.089179E+0
0.380841	-2.281002E+0
0.380845	-2.386891E+0
0.380849	-2.403949E+0
0.380853	-2.334429E+0
0.380857	-2.174791E+0
0.380861	-1.932759E+0
0.380865	-1.621529E+0
0.380869	-1.249469E+0
0.380873	-8.288098E-1
0.380877	-3.775738E-1
0.380881	8.106541E-2	
0.380885	5.432456E-1	
0.380889	9.819314E-1	
0.380893	1.388432E+0	
0.380897	1.738610E+0	
0.380901	2.023451E+0	
0.380905	2.233623E+0	
0.380909	2.362365E+0	
0.380913	2.398413E+0	
0.380917	2.349812E+0	
0.380921	2.212058E+0	
0.380925	1.988047E+0	
0.380929	1.691619E+0	
0.380933	1.333395E+0	
0.380937	9.223885E-1	
0.380941	4.808062E-1	
0.380945	2.087904E-2	
0.380949	-4.409786E-1
0.380953	-8.899616E-1
0.380957	-1.304828E+0
0.380961	-1.666910E+0
0.380965	-1.969128E+0
0.380969	-2.201826E+0
0.380973	-2.349556E+0
0.380977	-2.410386E+0
0.380981	-2.376270E+0
0.380985	-2.259760E+0
0.380989	-2.053775E+0
0.380993	-1.774409E+0
0.380997	-1.430028E+0
0.381001	-1.028358E+0
0.381005	-5.925707E-1
0.381009	-1.313570E-1
0.381013	3.301792E-1	
0.381017	7.823824E-1	
0.381021	1.203367E+0	
0.381025	1.582189E+0	
0.381029	1.898572E+0	
0.381033	2.145434E+0	
0.381037	2.315052E+0	
0.381041	2.394228E+0	
0.381045	2.385538E+0	
0.381049	2.285441E+0	
0.381053	2.101984E+0	
0.381057	1.839994E+0	
0.381061	1.510415E+0	
0.381065	1.119363E+0	
0.381069	6.896887E-1	
0.381073	2.358764E-1	
0.381077	-2.259815E-1
0.381081	-6.836547E-1
0.381085	-1.115901E+0
0.381089	-1.505341E+0
0.381093	-1.838135E+0
0.381097	-2.101731E+0
0.381101	-2.288404E+0
0.381105	-2.389787E+0
0.381109	-2.403627E+0
0.381113	-2.325739E+0
0.381117	-2.160630E+0
0.381121	-1.916989E+0
0.381125	-1.600609E+0
0.381129	-1.220825E+0
0.381133	-8.001650E-1
0.381137	-3.492508E-1
0.381141	1.113195E-1	
0.381145	5.725342E-1	
0.381149	1.010898E+0	
0.381153	1.409353E+0	
0.381157	1.757277E+0	
0.381161	2.039544E+0	
0.381165	2.243922E+0	
0.381169	2.366549E+0	
0.381173	2.398091E+0	
0.381177	2.343053E+0	
0.381181	2.199184E+0	
0.381185	1.972276E+0	
0.381189	1.670699E+0	
0.381193	1.308613E+0	
0.381197	8.953528E-1	
0.381201	4.502302E-1	
0.381205	-9.053210E-3
0.381209	-4.699452E-1
0.381213	-9.182845E-1
0.381217	-1.327036E+0
0.381221	-1.689762E+0
0.381225	-1.987152E+0
0.381229	-2.215344E+0
0.381233	-2.353418E+0
0.381237	-2.410064E+0
0.381241	-2.373051E+0
0.381245	-2.248495E+0
0.381249	-2.039936E+0
0.381253	-1.755741E+0
0.381257	-1.407498E+0
0.381261	-1.004219E+0
0.381265	-5.636041E-1
0.381269	-1.039996E-1
0.381273	3.581804E-1	
0.381277	8.084525E-1	
0.381281	1.228793E+0	
0.381285	1.601178E+0	
0.381289	1.916595E+0	
0.381293	2.158308E+0	
0.381297	2.319558E+0	
0.381301	2.396160E+0	
0.381305	2.383607E+0	
0.381309	2.275464E+0	
0.381313	2.087178E+0	
0.381317	1.820683E+0	
0.381321	1.487564E+0	
0.381325	1.094580E+0	
0.381329	6.626531E-1	
0.381333	2.049786E-1	
0.381337	-2.562356E-1
0.381341	-7.094029E-1
0.381345	-1.139718E+0
0.381349	-1.525940E+0
0.381353	-1.856159E+0
0.381357	-2.115892E+0
0.381361	-2.297094E+0
0.381365	-2.393971E+0
0.381369	-2.399121E+0
0.381373	-2.318015E+0
0.381377	-2.145503E+0
0.381381	-1.896068E+0
0.381385	-1.575826E+0
0.381389	-1.196364E+0
0.381393	-7.740950E-1
0.381397	-3.183530E-1
0.381401	1.415736E-1	
0.381405	6.005354E-1	
0.381409	1.036325E+0	
0.381413	1.435101E+0	
0.381417	1.779485E+0	
0.381421	2.054671E+0	
0.381425	2.255187E+0	
0.381429	2.369446E+0	
0.381433	2.398734E+0	
0.381437	2.335973E+0	
0.381441	2.185022E+0	
0.381445	1.954252E+0	
0.381449	1.649456E+0	
0.381453	1.283508E+0	
0.381457	8.676735E-1	
0.381461	4.209416E-1	
0.381465	-3.898546E-2
0.381469	-4.985900E-1
0.381473	-9.459637E-1
0.381477	-1.352784E+0
0.381481	-1.708751E+0
0.381485	-2.005176E+0
0.381489	-2.224034E+0
0.381493	-2.358890E+0
0.381497	-2.411029E+0
0.381501	-2.368545E+0
0.381505	-2.238839E+0
0.381509	-2.023199E+0
0.381513	-1.735465E+0
0.381517	-1.382716E+0
0.381521	-9.758959E-1
0.381525	-5.336719E-1
0.381529	-7.567661E-2
0.381533	3.865034E-1	
0.381537	8.396722E-1	
0.381541	1.254219E+0	
0.381545	1.623708E+0	
0.381549	1.935585E+0	
0.381553	2.173436E+0	
0.381557	2.328892E+0	
0.381561	2.398413E+0	
0.381565	2.377492E+0	
0.381569	2.266774E+0	
0.381573	2.073982E+0	
0.381577	1.801693E+0	
0.381581	1.464068E+0	
0.381585	1.068510E+0	
0.381589	6.340081E-1	
0.381593	1.772993E-1	
0.381597	-2.835930E-1
0.381601	-7.409443E-1
0.381605	-1.166110E+0
0.381609	-1.550078E+0
0.381613	-1.875470E+0
0.381617	-2.131663E+0
0.381621	-2.304819E+0
0.381625	-2.397512E+0
0.381629	-2.398155E+0
0.381633	-2.308681E+0
0.381637	-2.133916E+0
0.381641	-1.878045E+0
0.381645	-1.554906E+0
0.381649	-1.172225E+0
0.381653	-7.451284E-1
0.381657	-2.903519E-1
0.381661	1.692530E-1	
0.381665	6.304678E-1	
0.381669	1.063360E+0	
0.381673	1.457631E+0	
0.381677	1.797831E+0	
0.381681	2.071729E+0	
0.381685	2.262590E+0	
0.381689	2.375883E+0	
0.381693	2.397447E+0	
0.381697	2.328892E+0	
0.381701	2.175367E+0	
0.381705	1.937838E+0	
0.381709	1.629179E+0	
0.381713	1.257116E+0	
0.381717	8.432126E-1	
0.381721	3.932623E-1	
0.381725	-6.763030E-2
0.381729	-5.288441E-1
0.381733	-9.713900E-1
0.381737	-1.377244E+0
0.381741	-1.729993E+0
0.381745	-2.022877E+0
0.381749	-2.234655E+0
0.381753	-2.365649E+0
0.381757	-2.409742E+0
0.381761	-2.361464E+0
0.381765	-2.226931E+0
0.381769	-2.009682E+0
0.381773	-1.714222E+0
0.381777	-1.358577E+0
0.381781	-9.485385E-1
0.381785	-5.043834E-1
0.381789	-4.638806E-2
0.381793	4.164357E-1	
0.381797	8.647768E-1	
0.381801	1.277715E+0	
0.381805	1.644950E+0	
0.381809	1.951999E+0	
0.381813	2.183091E+0	
0.381817	2.331145E+0	
0.381821	2.398734E+0	
0.381825	2.371055E+0	
0.381829	2.258405E+0	
0.381833	2.056602E+0	
0.381837	1.782382E+0	
0.381841	1.439929E+0	
0.381845	1.040831E+0	
0.381849	6.047195E-1	
0.381853	1.473670E-1	
0.381857	-3.164219E-1
0.381861	-7.689454E-1
0.381865	-1.191536E+0
0.381869	-1.571642E+0
0.381873	-1.894459E+0
0.381877	-2.146790E+0
0.381881	-2.314152E+0
0.381885	-2.398477E+0
0.381889	-2.393650E+0