499.758316          0.187560        62.845818
549.944629          0.203899        62.894123
600.001637          0.219654        62.629965
650.116195          0.235185        62.319523
699.964173          0.250265        62.052733
750.055089          0.265043        61.534348
799.975625          0.279384        61.190944
849.898309          0.293181        60.611263
899.998665          0.306648        60.090210
1000.028583         0.332496        58.959796
1049.936038         0.344640        58.396139
1100.080185         0.356507        57.778928
1149.969265         0.367907        57.367535
1199.903952         0.379057        56.763567
1250.000299         0.389819        56.293977
1299.951895         0.400109        55.714765
1350.054231         0.410129        55.135072
1399.935481         0.419810        54.659936
1450.018440         0.429188        54.221833
1499.954774         0.438253        53.650101
1549.896218         0.446819        53.247198
1599.954994         0.455256        52.802091
1649.924162         0.463566        52.443563
1700.022517         0.471418        51.904172
1749.877161         0.479050        51.562427
1800.030823         0.486445        51.114916
1849.934684         0.493645        50.846212
1900.063346         0.500671        50.475443
1949.946463         0.507390        50.170094
1999.876024         0.513872        49.830112
2049.978374         0.520282        49.455836
2099.901689         0.526376        49.187378
2150.007677         0.532433        48.863407
2199.939900         0.538263        48.602527
2250.036109         0.544056        48.301578
2299.921833         0.549615        48.056873
2349.871218         0.555039        47.797863
2399.965414         0.560296        47.598435
2449.874237         0.565407        47.371598
2499.987466         0.570526        47.155229
2549.919112         0.575402        46.906576
2600.011811         0.580312        46.670309
2649.899720         0.585037        46.613527
2700.006546         0.589660        46.405522
2749.967978         0.594149        46.150199
2799.860050         0.598600        46.020817
2849.959904         0.602922        45.869277
2899.898004         0.607304        45.721002
2949.977959         0.611494        45.700867
2999.908795         0.615641        45.468796
3050.025553         0.619854        45.343544
3099.946576         0.623742        45.199177
3149.857777         0.627707        45.130135
3199.948596         0.631708        44.963945
3249.875768         0.635568        44.888296
3299.963680         0.639332        44.793239
3349.911571         0.643026        44.710734
3399.989310         0.646725        44.582643
3449.942650         0.650350        44.520944
3499.837934         0.654045        44.504725
3599.865962         0.661127        44.243664
3649.971909         0.664688        44.278688
3699.876106         0.668264        44.263999
3749.986369         0.671619        44.282649
3799.907770         0.675110        44.070927
3850.010048         0.678508        44.052065
3899.925006         0.681847        44.111238
3949.829594         0.685183        44.049982
3999.963724         0.688465        44.030098
4049.867104         0.691838        43.955515
4099.989288         0.695139        43.964595
4149.871736         0.698431        43.940266
4199.981786         0.701726        43.832676
4249.906034         0.704721        43.909724
4299.828064         0.708025        43.933637
4349.921512         0.711220        43.856363
4399.848257         0.714392        43.843187
4449.959340         0.717540        43.772336
4499.874343         0.720596        43.837718
4549.983174         0.723760        43.800774
4599.899130         0.726893        43.744161
4649.822150         0.729995        43.826382
4699.903393         0.733098        43.769634
4749.833440         0.736167        43.746985
4799.925061         0.739266        43.868962
4849.859417         0.742358        43.788109
4899.958637         0.745386        43.759154
4949.871251         0.748561        43.752365
5049.905043         0.754557        43.821564
5099.820289         0.757523        43.847089
5149.922322         0.760490        43.790211
5199.849568         0.763567        43.813845
5249.953369         0.766596        43.869045
5299.841550         0.769561        43.861214
5349.958975         0.772594        43.848237
5399.874208         0.775645        43.873047
5449.793708         0.778508        43.866666
5499.878112         0.781573        44.042182
5549.825164         0.784476        43.907018
5599.926193         0.787492        43.911069
5649.856750         0.790467        43.931147
5699.930186         0.793407        44.056462
5799.986642         0.799325        44.106171
5899.799368         0.805185        44.147256
5949.904544         0.808124        44.071657
5999.828430         0.811078        44.080481
6049.926772         0.814040        44.188004
6099.857474         0.816937        44.113991
6149.938597         0.819849        44.134273
6199.887394         0.822802        44.188863
6249.777627         0.825762        44.261112
6299.893535         0.828710        44.328692
6349.794323         0.831598        44.277596
6399.909088         0.834479        44.264582
6449.835555         0.837448        44.367764
6499.938522         0.840320        44.398458
6549.859120         0.843315        44.466628
6599.787708         0.846168        44.407623
6649.882979         0.849043        44.352953
6699.774897         0.851958        44.477668
6749.901100         0.854872        44.445411
6799.810588         0.857771        44.532946
6849.917749         0.860534        44.602775
6899.834478         0.863555        44.535626
6949.939432         0.866450        44.509068
7049.772210         0.872200        44.658805
7099.894573         0.875104        44.591418
7149.806063         0.878006        44.718568
7199.901126         0.880976        44.738367
7249.831863         0.883826        44.634523
7299.922694         0.886741        44.757930
7349.838968         0.889525        44.784001
7399.753578         0.892391        44.735670
7449.872124         0.895354        44.780233
7499.780045         0.898094        44.920321
7549.891994         0.901004        44.940621
7599.811318         0.903946        44.750419
7649.915953         0.906842        44.873239
7699.804063         0.909730        44.972895
7749.747436         0.912459        44.965913
7849.770407         0.918125        44.969662
7899.875709         0.921023        44.934464
7949.781665         0.923841        45.084102
7999.884774         0.926808        45.108032
8049.803509         0.929540        45.106150
8099.914772         0.932457        45.067450
8149.825905         0.935265        45.184116
8249.853200         0.940912        45.131377
8299.787945         0.943768        45.137793
8349.883392         0.946564        45.240599
8399.784759         0.949360        45.183984
8449.897233         0.952212        45.250492
8499.810803         0.955039        45.236982
8549.718639         0.957799        45.338708
8599.830198         0.960795        45.307305
8649.754967         0.963474        45.182458
8699.871268         0.966339        45.319742
8749.774424         0.969122        45.312227
8799.875073         0.972031        45.404508
8849.802378         0.974870        45.433717
8899.892003         0.977574        45.445626
8949.824493         0.980330        45.394056
8999.743049         0.983067        45.419231
9049.842234         0.985924        45.459477
9099.765108         0.988703        45.422163
9149.868930         0.991552        45.434049
9199.782457         0.994323        45.462542
9249.893206         0.997065        45.491048
9299.816265         0.999852        45.474808
9399.834059         1.005317        45.514310
9449.733692         1.008116        45.554457
9499.856592         1.010910        45.532778
9549.768348         1.013692        45.685336
9599.865699         1.016412        45.547243
9649.783715         1.019215        45.537109
9699.716714         1.021835        45.568346
9749.824889         1.024750        45.691276
9799.728323         1.027417        45.666708
9849.832917         1.030166        45.716104
9899.740641         1.032963        45.645871
9949.850767         1.035680        45.702834
9999.770747         1.038274        45.607110
10049.878402            1.041033        45.663338
10149.709436            1.046545        45.787649
10199.815785            1.049206        45.717341
10249.726530            1.051953        45.836986
10299.835331            1.054660        45.816688
10349.744852            1.057405        45.847351
10399.855887            1.060047        45.686941
10449.771432            1.062774        45.731389
10499.708198            1.065417        45.768936
10549.799071            1.068021        45.720881
10599.713303            1.070781        45.795331
10649.820917            1.073470        45.796233
10699.745157            1.076177        45.875758
10749.840203            1.078793        45.730971
10799.758403            1.081494        45.866712
10849.678502            1.084217        45.767470
10899.782533            1.086755        45.783911
10949.706194            1.089394        45.795703
10999.808140            1.092094        45.997142
11049.730199            1.094758        45.965808
11099.822549            1.097366        45.736482
11149.740400            1.099992        45.884741
11199.840355            1.102660        45.966542
11249.766170            1.105239        45.786566
11299.682511            1.107876        45.780026
11349.785389            1.110512        45.761878
11399.703400            1.113089        45.985267
11449.802175            1.115778        45.936473
11499.730826            1.118295        45.902075
11599.741296            1.123439        45.859845
11649.651811            1.126123        45.925175
11699.774391            1.128667        45.851287
11749.688601            1.131305        45.968826
11799.787884            1.133767        45.943928
11849.705128            1.136409        45.989536
11899.792628            1.138838        46.027178
11949.739764            1.141479        45.945698
11999.831325            1.144001        45.917119
12049.745843            1.146559        45.928526
12099.669402            1.149070        45.936375
12149.765558            1.151613        45.945226
12199.709759            1.154123        45.837942
12249.799150            1.156796        45.812446
12299.711087            1.159219        45.890177
12349.815006            1.161796        45.821696
12399.751608            1.164272        45.920183
12449.659076            1.166848        45.897718
12499.767822            1.169530        45.875377
12549.678300            1.171889        45.726619
12599.780220            1.174345        46.016045
12699.803445            1.179363        45.835130
12749.735780            1.181719        45.836305
12799.638917            1.184234        45.942907
12849.738774            1.186731        45.952035
12899.668620            1.189223        45.809989
12949.748516            1.191582        45.889162
12999.699686            1.194017        45.842538
13049.789783            1.196470        45.915908
13099.703824            1.198930        45.933815
13149.825337            1.201314        45.786428
13199.735113            1.203935        45.711841
13249.647580            1.206150        45.991878
13299.742230            1.208657        45.903243
13349.671617            1.211074        45.732373
13399.775982            1.213481        45.783729
13449.690168            1.215895        45.754841
13499.799631            1.218228        45.794431
13549.710464            1.220676        45.757373
13599.629697            1.223072        45.788821
13649.730817            1.225551        45.903075
13699.626276            1.227932        45.752715
13749.747187            1.230268        45.831699
13799.681284            1.232589        45.784583
13849.777844            1.235072        45.787487
13899.698146            1.237320        45.822750
13949.611380            1.239668        45.724375
13999.708902            1.242058        45.778256
14049.644062            1.244382        45.823005
14099.743503            1.246569        45.914148
14149.663251            1.249162        45.769379
14199.765150            1.251340        45.788425
14249.679712            1.253658        45.871277
14299.790202            1.256028        45.717280
14349.704072            1.258298        45.698083
14399.622629            1.260530        45.823706
14449.711200            1.262820        45.646022
14499.650492            1.265133        45.632341
14549.734905            1.267415        45.663874
14599.654918            1.269674        45.788174
14649.777401            1.271835        45.596514
14699.686439            1.274155        45.778445
14799.701835            1.278711        45.606766
14849.627675            1.280990        45.746909
14899.731997            1.283350        45.744042
14949.641634            1.285470        45.656485
14999.751568            1.287716        45.551732
15049.661299            1.289918        45.712799
15099.771508            1.292153        45.574574
15199.600700            1.296596        45.597214
15249.728708            1.298781        45.565440
15299.627491            1.300966        45.651512
15349.733096            1.303200        45.613473
15399.647553            1.305311        45.681251
15449.750642            1.307583        45.562482
15499.659011            1.309825        45.646262
15599.697839            1.314151        45.551409
15649.610679            1.316264        45.624575
15699.733240            1.318448        45.367139
15749.628752            1.320621        45.490331
15799.734947            1.322738        45.549270
15849.660359            1.324940        45.367756
15899.566562            1.327100        45.526502
15949.670373            1.329240        45.441942
15999.588782            1.331333        45.511949
16049.699088            1.333386        45.367265
16099.615720            1.335537        45.451088
16149.718701            1.337572        45.267828
16199.638898            1.339722        45.535109
16249.750060            1.341955        45.381218
16349.583619            1.346033        45.517303
16399.696077            1.348075        45.482106
16449.592787            1.350211        45.367743
16499.711139            1.352172        45.340114
16549.632963            1.354261        45.167756
16599.727816            1.356370        45.156392
16649.637950            1.358283        45.425786
16699.555863            1.360508        45.281352
16749.666207            1.362394        45.254615
16799.584740            1.364399        45.244771
16849.691036            1.366450        45.361372
16899.601239            1.368447        45.264807
16949.700125            1.370710        45.330425
16999.629543            1.372563        45.124043
17099.640867            1.376561        45.284511
17149.568206            1.378444        45.161115
17199.676140            1.380600        45.197742
17249.587670            1.382549        45.277695
17299.684580            1.384459        45.157961
17349.612022            1.386472        45.194371
17399.717790            1.388517        45.093315
17449.637562            1.390387        45.220484
17499.561099            1.392352        45.282508
17549.643606            1.394296        45.195663
17599.567993            1.396226        45.077910
17649.677768            1.398164        45.126896
17699.584911            1.400190        45.036498
17749.709814            1.402125        45.110051
17799.615996            1.403950        45.092707
17849.527986            1.405916        45.197754
17899.638259            1.407861        45.224279
17949.556575            1.409734        44.894859
17999.661287            1.411618        44.959872
18049.570076            1.413615        44.975165
18099.674333            1.415458        44.885820
18199.714884            1.419284        44.885562
18249.630546            1.421005        44.803385
18299.544348            1.423017        44.910505
18349.657208            1.424857        44.912568
18399.564363            1.426750        44.794249
18449.665673            1.428618        44.852189
18499.580195            1.430510        44.957212
18549.688295            1.432289        44.829332
18599.608625            1.434062        44.901307
18649.534261            1.436067        44.741195
18699.631903            1.437969        44.625870
18749.550916            1.439811        44.909476
18799.651169            1.441440        44.857209
18849.567246            1.443398        44.654852
18899.670255            1.445090        44.793428
18949.589748            1.446937        44.724506
18999.507310            1.448767        44.810538
19049.613905            1.450594        44.699343
19099.529508            1.452283        44.576509
19149.635403            1.454286        44.772583
19199.544877            1.456025        44.639034
19249.664124            1.457629        44.646524
19299.570408            1.459495        44.561882
19349.674463            1.461217        44.564215
19399.589899            1.462925        44.650844
19449.522867            1.464688        44.698237
19499.617862            1.466516        44.735630
19549.537898            1.468252        44.535398
19599.647098            1.469957        44.612421
19649.556632            1.471765        44.391534
19699.658649            1.473488        44.573825
19749.577448            1.475182        44.458985
19799.496396            1.476819        44.587778
19849.601063            1.478507        44.512318
19899.517679            1.480266        44.341554
19949.617919            1.481946        44.363504
19999.544446            1.483750        44.616115
20049.639182            1.485333        44.392780
20099.559166            1.487026        44.485172
20149.481734            1.488752        44.372407
20199.587454            1.490394        44.188322
20249.496537            1.492159        44.406455
20349.521988            1.495411        44.531074
20399.627677            1.497107        44.539043
20449.549442            1.498760        44.374956
20499.651156            1.500381        44.406365
20549.581925            1.502071        44.440547
20599.485106            1.503665        44.303641
20649.596798            1.505324        44.502726
20699.516719            1.506995        44.274925
20749.611304            1.508594        44.234902
20799.537301            1.510320        44.430599
20849.633045            1.511940        44.136424
20899.556786            1.513586        44.107348
20949.467276            1.515055        44.176925
20999.582707            1.516739        44.361501
21049.493640            1.518317        44.183703
21149.512215            1.521393        44.174353
21199.626715            1.523046        44.293198
21249.543682            1.524719        43.963001
21299.641689            1.526286        44.307619
21349.550537            1.527699        43.942890
21399.477860            1.529392        44.016850
21449.570298            1.530946        43.829712
21549.604043            1.534054        44.188871
21599.514003            1.535563        43.900941
21649.625890            1.537155        44.053040
21699.540910            1.538699        43.969799
21749.435874            1.540241        44.016298
21799.569297            1.541729        44.214224
21849.479664            1.543293        43.885226
21949.507550            1.546336        44.165905
21999.600719            1.547811        43.971781
22049.528723            1.549366        43.840350
22099.436010            1.550851        43.877889
22149.548163            1.552500        43.805086
22199.467070            1.553803        43.876517
22249.578625            1.555297        43.818442
22299.485859            1.556715        43.725109
22349.595526            1.558267        43.739482
22399.509791            1.559727        43.853377
22449.604437            1.561278        43.723009
22499.529394            1.562651        43.980740
22549.456753            1.564182        43.853878
22599.545958            1.565610        43.602957
22649.474070            1.567115        43.888393
22699.577017            1.568487        43.881636
22749.498022            1.570080        43.680743
22799.588176            1.571313        43.828953
22849.509476            1.572960        43.749667
22899.435267            1.574317        43.830046
22949.540079            1.575702        43.848066
22999.454867            1.577232        43.671512
23049.554935            1.578778        43.670363
23099.476217            1.580011        43.631559
23149.576764            1.581564        43.773420
23199.500487            1.582952        43.839863
23249.420381            1.584288        43.696702
23299.518435            1.585716        43.589238
23349.439685            1.587078        43.484894
23399.547157            1.588537        43.525533
23449.459144            1.590037        43.508560
23499.558526            1.591322        43.532133
23549.479370            1.592791        43.466837
23599.583399            1.594089        43.416448
23649.504520            1.595471        43.467716
23699.422795            1.596859        43.601696
23749.516707            1.598234        43.500707
23799.447923            1.599562        43.469109
23849.547679            1.600905        43.462266
23899.464029            1.602313        43.406851
23949.572747            1.603708        43.312194
23999.488135            1.604922        43.333003
24049.402594            1.606301        43.333213
24099.503328            1.607620        43.245380
24149.428385            1.608926        43.613941
24199.527843            1.610307        43.484775
24249.450075            1.611670        43.482798
24299.550293            1.612828        43.597698
24349.476559            1.614227        43.314683
24399.588408            1.615631        43.238716
24449.492761            1.616879        43.163978
24499.403837            1.618263        43.069697
24549.514645            1.619531        43.375984
24599.440137            1.620806        43.209393
24649.536018            1.622110        43.148547
24749.546797            1.624595        43.074417
24799.476809            1.625896        43.506367
24849.393414            1.627157        42.963795
24899.499076            1.628475        43.417994
24949.410214            1.629759        43.009317
24999.526026            1.630826        43.374314
25049.438124            1.632368        43.145707
25099.539114            1.633502        43.108637
25199.380144            1.636104        43.187188
25249.489125            1.637473        43.274249
25299.403738            1.638576        43.391628
25349.501525            1.639731        42.936995
25399.418092            1.640925        43.268947
25449.524644            1.642222        42.959478
25499.442548            1.643453        43.127369
25549.553111            1.644713        43.008980
25599.472755            1.645979        42.950178
25649.392393            1.647195        43.129745
25699.485689            1.648511        43.206850
25749.409302            1.649538        43.081620
25799.511081            1.650795        43.020286
25849.427071            1.652065        42.916063
25899.533113            1.653256        42.965954
25949.443967            1.654494        42.890135
25999.352963            1.655684        42.892849
26049.470011            1.656800        43.029963
26099.382300            1.658023        43.072355
26149.492824            1.659126        43.081193
26199.404272            1.660299        43.008523
26249.505192            1.661599        42.766536
26299.424548            1.662702        42.671279
26349.348565            1.663936        42.739771
26399.452829            1.665124        43.043821
26449.367265            1.666179        42.962478
26499.480588            1.667421        42.931857
26549.384715            1.668453        42.679308
26599.498090            1.669755        42.802620
26649.412138            1.670817        42.842906
26699.522007            1.671909        42.592633
26749.437486            1.673123        42.832555
26799.342863            1.674231        42.630567
26849.461116            1.675280        42.643076
26899.370486            1.676587        42.920781
26949.477708            1.677660        42.706114
26999.390655            1.678778        42.564891
27049.502231            1.679966        43.038623
27099.412815            1.681067        42.900209
27149.339462            1.682111        42.787620
27199.440083            1.683151        42.714862
27299.457996            1.685466        42.932362
27349.378326            1.686581        42.794955
27399.482648            1.687616        42.626993
27449.397437            1.688697        42.756863
27499.501387            1.689801        42.685881
27549.419304            1.690844        42.748067
27599.346134            1.692082        42.479492
27699.360467            1.694114        42.665413
27749.461652            1.695123        42.554762
27799.390314            1.696462        42.571255
27849.490031            1.697476        42.349855
27899.412449            1.698367        42.397622
27949.322736            1.699488        42.626506
27999.424722            1.700525        42.539213
28049.350329            1.701591        42.368098
28099.457997            1.702590        42.566221
28149.371142            1.703592        42.255177
28199.477293            1.704751        42.369177
28249.397680            1.705754        42.257666
28299.318731            1.706800        42.364192
28349.413711            1.707931        42.583840
28399.335612            1.708888        42.289074
28449.444408            1.709875        42.563427
28499.361235            1.710917        42.622993
28549.464497            1.712076        42.248283
28599.380154            1.713024        42.345284
28649.481528            1.713960        42.571590
28749.319590            1.716062        42.680095
28799.409412            1.716997        42.267072
28849.335590            1.718128        42.574738
28899.443904            1.719123        42.446270
28949.361229            1.720347        42.278272
28999.471151            1.721170        42.443298
29049.374907            1.722157        42.346715
29099.300640            1.723114        42.319000
29149.398151            1.724129        42.560212
29199.323111            1.725090        42.389042
29249.429997            1.726011        42.279185
29299.337349            1.727067        42.362557
29349.451084            1.728240        42.317384
29399.366048            1.728995        42.389088
29449.279056            1.730000        42.193156
29499.392765            1.730868        42.286891
29549.305848            1.731971        42.156742
29599.411371            1.732936        42.270701
29649.330095            1.733824        42.350167
29699.437841            1.734791        42.003417
29749.350300            1.735735        42.245127
29799.453965            1.736781        42.251031
29849.374882            1.737783        42.213128
29899.286771            1.738722        42.059062
29949.392668            1.739565        42.083665
29999.295388            1.740667        42.374060
30049.418542            1.741557        41.955733
30099.335669            1.742411        42.008633
30149.436736            1.743403        42.089296
30199.353334            1.744307        42.310041
30249.272167            1.745263        41.941053
30299.375408            1.746073        42.029989
30349.301040            1.747163        41.919274
30399.389215            1.747977        42.155021
