2.388047
2.367048
2.344466
2.321141
2.296590
2.271112
2.244844
2.189648
2.161430
2.132491
2.103129
2.073271
2.043475
2.013284
1.983002
1.952935
1.922614
1.892334
1.862163
1.832228
1.802257
1.772701
1.743285
1.713932
1.685149
1.656380
1.628141
1.600042
1.572588
1.545155
1.517952
1.465040
1.439187
1.413539
1.388343
1.363456
1.338913
1.314760
1.290865
1.267398
1.244301
1.221587
1.199165
1.177026
1.155298
1.133830
1.112721
1.091812
1.071432
1.051151
1.031322
1.011700
0.992293
0.973403
0.954511
0.936133
0.917761
0.899821
0.882192
0.864621
0.847426
0.830459
0.813711
0.796987
0.780853
0.764614
0.733090
0.717648
0.702293
0.687239
0.672351
0.657690
0.643180
0.628917
0.614709
0.600792
0.586952
0.573266
0.559833
0.546550
0.533380
0.507433
0.494693
0.482170
0.469704
0.457461
0.445403
0.433412
0.421529
0.409823
0.398245
0.386720
0.375400
0.364197
0.353195
0.342202
0.331344
0.320611
0.310022
0.299480
0.289038
0.278883
0.268682
0.258624
0.248839
0.239001
0.229241
0.219706
0.210324
0.201027
0.191908
0.182892
0.174097
0.165345
0.156812
0.148550
0.140322
0.132448
0.124719
0.117285
0.110153
0.103411
0.096980
0.091091
0.085710
0.080868
0.076815
0.073600
0.071210
0.069464
0.070000
0.071648
0.074013
0.077225
0.081084
0.085450
0.090266
0.095519
0.101159
0.106879
0.112899
0.119041
0.125368
0.131654
0.138190
0.144755
0.151325
0.157876
0.164558
0.177876
0.184506
0.191261
0.197873
0.204527
0.211190
0.217728
0.230936
0.237627
0.244129
0.250715
0.257224
0.263693
0.270153
0.276537
0.282959
0.289217
0.295672
0.302011
0.308332
0.314605
0.320736
0.326959
0.333198
0.339326
0.345451
0.351592
0.357579
0.369695
0.375692
0.381651
0.387568
0.393528
0.399191
0.405302
0.411079
0.416824
0.422620
0.428388
0.434081
0.439775
0.445445
0.451064
0.456778
0.462392
0.467852
0.473400
0.478803
0.484401
0.489888
0.495261
0.500701
0.506039
0.511431
0.516735
0.522117
0.527422
0.532665
0.537875
0.543113
0.548345
0.553373
0.558690
0.563738
0.568872
0.578911
0.584095
0.588985
0.593987
0.598956
0.603901
0.608834
0.618615
0.623456
0.628249
0.633001
0.637855
0.642652
0.647352
0.656743
0.661792
0.666166
0.670880
0.675395
0.680055
0.684646
0.689307
0.693762
0.698298
0.702921
0.707366
0.711892
0.716350
0.725245
0.729591
0.734031
0.738255
0.742834
0.747093
0.751367
0.755684
0.759891
0.764313
0.768622
0.772683
0.776850
0.781101
0.785298
0.789464
0.793645
0.797665
0.801867
0.805978
0.810059
0.814043
0.818162
0.822130
0.826192
0.830275
0.834111
0.838132
0.842113
0.846046
0.849963
0.853931
0.857805
0.861688
0.865496
0.873201
0.877030
0.880728
0.884643
0.888302
0.892086
0.895695
0.903258
0.906799
0.910560
0.914119
0.917720
0.921525
0.925081
0.928696
0.932214
0.935887
0.939358
0.943055
0.946486
0.953526
0.956945
0.960469
0.963913
0.967324
0.970764
0.974165
0.977636
0.981026
0.984346
0.987749
0.991171
0.994466
0.997795
1.004451
1.007793
1.011195
1.014372
1.017666
1.020942
1.024165
1.027392
1.030571
1.033799
1.037012
1.040268
1.043347
1.046498
1.049661
1.055971
1.059047
1.062133
1.065209
1.068340
1.071399
1.074421
1.080550
1.083553
1.086459
1.089578
1.092481
1.095485
1.098484
1.101333
1.104376
1.107279
1.110247
1.113099
1.115952
1.118879
1.124640
1.127590
1.130248
1.133235
1.136030
1.138975
1.141707
1.144507
1.147215
1.150104
1.152833
1.155606
1.158336
1.160966
1.166500
1.169187
1.171962
1.174532
1.177274
1.179859
1.182549
1.185270
1.187813
1.190633
1.193093
1.195685
1.198254
1.200846
1.206119
1.208716
1.211255
1.213822
1.216434
1.218879
1.221459
1.223931
1.226413
1.228922
1.231300
1.233879
1.236404
1.238835
1.241267
1.243711
1.246198
1.248544
1.250954
1.253444
1.255915
1.258236
1.260658
1.262989
1.265390
1.267695
1.270081
1.272432
1.274797
1.277167
1.279417
1.281660
1.284058
1.288680
1.290885
1.293106
1.295357
1.297676
1.299920
1.302159
1.306667
1.308911
1.311021
1.313207
1.315433
1.317530
1.319773
1.322025
1.324093
1.326324
1.328448
1.330612
1.332589
1.334781
1.339032
1.341172
1.343362
1.345346
1.347353
1.349572
1.351648
1.355700
1.357834
1.359850
1.361857
1.363897
1.365935
1.367904
1.371920
1.373886
1.375785
1.377712
1.379725
1.381902
1.383738
1.385714
1.387596
1.389481
1.391486
1.393271
1.395401
1.397314
1.401163
1.402920
1.404740
1.406719
1.408573
1.410292
1.412175
1.414216
1.416085
1.417894
1.419815
1.421714
1.423509
1.425183
1.427008
1.428722
1.430560
1.432426
1.434199
1.435845
1.437744
1.439402
1.441136
1.443083
1.444690
1.446547
1.448154
1.449847
1.453323
1.455130
1.456903
1.458540
1.460251
1.461929
1.463555
1.465345
1.466869
1.468703
1.470236
1.471876
1.473472
1.475148
1.476806
1.480190
1.481868
1.483464
1.484927
1.486585
1.488189
1.489750
1.491269
1.492875
1.494506
1.496175
1.497644
1.499423
1.500871
1.502448
1.503921
1.505541
1.507060
1.508542
1.510082
1.511559
1.514721
1.516146
1.517611
1.519144
1.520643
1.522091
1.523637
1.526704
1.528094
1.529566
1.531052
1.532513
1.533966
1.535397
1.536856
1.538486
1.539742
1.541213
1.542650
1.544015
1.545410
1.548393
1.549780
1.551121
1.552639
1.553979
1.555381
1.556694
1.559438
1.560902
1.562270
1.563702
1.564980
1.566426
1.567616
1.569118
1.570232
1.571731
1.573031
1.574410