14.322509	-2.611138E-2
14.322513	3.829630E-1	
14.322517	7.810950E-1	
14.322521	1.160560E+0	
14.322525	1.503978E+0	
14.322529	1.801371E+0	
14.322533	2.043406E+0	
14.322537	2.232335E+0	
14.322541	2.353031E+0	
14.322545	2.404528E+0	
14.322549	2.385860E+0	
14.322553	2.297672E+0	
14.322557	2.144469E+0	
14.322561	1.925929E+0	
14.322565	1.652031E+0	
14.322569	1.330499E+0	
14.322573	9.690572E-1	
14.322577	5.802587E-1	
14.322581	1.760119E-1	
14.322585	-2.346715E-1
14.322589	-6.389174E-1
14.322593	-1.026748E+0
14.322597	-1.383360E+0
14.322601	-1.699095E+0
14.322605	-1.964301E+0
14.322609	-2.176078E+0
14.322613	-2.323486E+0
14.322617	-2.399765E+0
14.322621	-2.409098E+0
14.322625	-2.346659E+0
14.322629	-2.219850E+0
14.322633	-2.025130E+0
14.322637	-1.771190E+0
14.322641	-1.467041E+0
14.322645	-1.121051E+0
14.322649	-7.396569E-1
14.322653	-3.366986E-1
14.322657	7.012244E-2	
14.322661	4.808062E-1	
14.322665	8.737887E-1	
14.322669	1.244886E+0	
14.322673	1.576073E+0	
14.322677	1.861558E+0	
14.322681	2.093937E+0	
14.322685	2.265164E+0	
14.322689	2.370089E+0	
14.322693	2.405493E+0	
14.322697	2.371699E+0	
14.322701	2.268061E+0	
14.322705	2.097800E+0	
14.322709	1.867995E+0	
14.322713	1.582189E+0	
14.322717	1.249713E+0	
14.322721	8.815131E-1	
14.322725	4.859559E-1	
14.322729	8.009986E-2	
14.322733	-3.296178E-1
14.322737	-7.319325E-1
14.322741	-1.113326E+0
14.322745	-1.458673E+0
14.322749	-1.766684E+0
14.322753	-2.019015E+0
14.322757	-2.216953E+0
14.322761	-2.345694E+0
14.322765	-2.408777E+0
14.322769	-2.402661E+0
14.322773	-2.323164E+0
14.322777	-2.180262E+0
14.322781	-1.972025E+0
14.322785	-1.705854E+0
14.322789	-1.388831E+0
14.322793	-1.034151E+0
14.322797	-6.450325E-1
14.322801	-2.423960E-1
14.322805	1.663563E-1	
14.322809	5.734998E-1	
14.322813	9.629420E-1	
14.322817	1.325671E+0	
14.322821	1.646881E+0	
14.322825	1.921745E+0	
14.322829	2.141250E+0	
14.322833	2.295419E+0	
14.322837	2.387148E+0	
14.322841	2.404850E+0	
14.322845	2.353675E+0	
14.322849	2.232979E+0	
14.322853	2.049843E+0	
14.322857	1.804268E+0	
14.322861	1.508806E+0	
14.322865	1.165066E+0	
14.322869	7.888194E-1	
14.322873	3.926186E-1	
14.322877	-1.388099E-2
14.322881	-4.255297E-1
14.322885	-8.217290E-1
14.322889	-1.195077E+0
14.322893	-1.537526E+0
14.322897	-1.829123E+0
14.322901	-2.073086E+0
14.322905	-2.252679E+0
14.322909	-2.368223E+0
14.322913	-2.413926E+0
14.322917	-2.390431E+0
14.322921	-2.297416E+0
14.322925	-2.136169E+0
14.322929	-1.915057E+0
14.322933	-1.635047E+0
14.322937	-1.309334E+0
14.322941	-9.427452E-1
14.322945	-5.526611E-1
14.322949	-1.451967E-1
14.322953	2.632339E-1	
14.322957	6.687683E-1	
14.322961	1.050164E+0	
14.322965	1.404525E+0	
14.322969	1.716402E+0	
14.322973	1.977426E+0	
14.322977	2.183413E+0	
14.322981	2.323742E+0	
14.322985	2.395838E+0	
14.322989	2.399056E+0	
14.322993	2.330823E+0	
14.322997	2.196287E+0	
14.323001	1.997703E+0	
14.323005	1.738932E+0	
14.323009	1.431883E+0	
14.323013	1.080419E+0	
14.323017	6.980569E-1	
14.323021	2.947754E-1	
14.323025	-1.114022E-1
14.323029	-5.191885E-1
14.323033	-9.137786E-1
14.323037	-1.278114E+0
14.323041	-1.610908E+0
14.323045	-1.893172E+0
14.323049	-2.120076E+0
14.323053	-2.284542E+0
14.323057	-2.383350E+0
14.323061	-2.412317E+0
14.323065	-2.374017E+0
14.323069	-2.266518E+0
14.323073	-2.090144E+0
14.323077	-1.853906E+0
14.323081	-1.561987E+0
14.323085	-1.228871E+0
14.323089	-8.532705E-1
14.323093	-4.577149E-1
14.323097	-5.185955E-2
14.323101	3.591459E-1	
14.323105	7.601745E-1	
14.323109	1.136421E+0	
14.323113	1.481770E+0	
14.323117	1.783669E+0	
14.323121	2.030854E+0	
14.323125	2.220748E+0	
14.323129	2.347881E+0	
14.323133	2.403240E+0	
14.323137	2.390044E+0	
14.323141	2.307327E+0	
14.323145	2.157987E+0	
14.323149	1.942344E+0	
14.323153	1.672630E+0	
14.323157	1.353029E+0	
14.323161	9.951273E-1	
14.323165	6.040758E-1	
14.323169	2.017600E-1	
14.323173	-2.069922E-1
14.323177	-6.144566E-1
14.323181	-1.003253E+0
14.323185	-1.360186E+0
14.323189	-1.678497E+0
14.323193	-1.947886E+0
14.323197	-2.163526E+0
14.323201	-2.313831E+0
14.323205	-2.398799E+0
14.323209	-2.411029E+0
14.323213	-2.354062E+0
14.323217	-2.230149E+0
14.323221	-2.038648E+0
14.323225	-1.788892E+0
14.323229	-1.486996E+0
14.323233	-1.141971E+0
14.323237	-7.631521E-1
14.323241	-3.618030E-1
14.323245	4.533981E-2	
14.323249	4.534487E-1	
14.323253	8.512589E-1	
14.323257	1.221390E+0	
14.323261	1.557406E+0	
14.323265	1.845466E+0	
14.323269	2.084604E+0	
14.323273	2.255831E+0	
14.323277	2.364296E+0	
14.323281	2.405815E+0	
14.323285	2.375561E+0	
14.323289	2.278682E+0	
14.323293	2.111961E+0	
14.323297	1.884410E+0	
14.323301	1.599891E+0	
14.323305	1.270956E+0	
14.323309	9.040429E-1	
14.323313	5.117041E-1	
14.323317	1.029514E-1	
14.323321	-3.022604E-1
14.323325	-7.077936E-1
14.323329	-1.089509E+0
14.323333	-1.439683E+0
14.323337	-1.747695E+0
14.323341	-2.006785E+0
14.323345	-2.205045E+0
14.323349	-2.341510E+0
14.323353	-2.407811E+0
14.323357	-2.404592E+0
14.323361	-2.332176E+0
14.323365	-2.189918E+0
14.323369	-1.987474E+0
14.323373	-1.724200E+0
14.323377	-1.410717E+0
14.323381	-1.056359E+0
14.323385	-6.711025E-1
14.323389	-2.684660E-1
14.323393	1.402862E-1	
14.323397	5.496827E-1	
14.323401	9.397686E-1	
14.323405	1.302819E+0	
14.323409	1.625639E+0	
14.323413	1.906940E+0	
14.323417	2.129663E+0	
14.323421	2.288016E+0	
14.323425	2.379423E+0	
14.323429	2.406781E+0	
14.323433	2.360434E+0	
14.323437	2.244566E+0	
14.323441	2.061430E+0	
14.323445	1.820683E+0	
14.323449	1.528117E+0	
14.323453	1.186630E+0	
14.323457	8.145677E-1	
14.323461	4.202979E-1	
14.323465	9.292365E-3	
14.323469	-4.001034E-1
14.323473	-7.972683E-1
14.323477	-1.175766E+0
14.323481	-1.516928E+0
14.323485	-1.816571E+0
14.323489	-2.057959E+0
14.323493	-2.241414E+0
14.323497	-2.365970E+0
14.323501	-2.413604E+0
14.323505	-2.392362E+0
14.323509	-2.303853E+0
14.323513	-2.147434E+0
14.323517	-1.927610E+0
14.323521	-1.654680E+0
14.323525	-1.330898E+0
14.323529	-9.672059E-1
14.323533	-5.774437E-1
14.323537	-1.719104E-1
14.323541	2.381294E-1	
14.323545	6.430200E-1	
14.323549	1.026669E+0	
14.323553	1.383927E+0	
14.323557	1.698056E+0	
14.323561	1.962621E+0	
14.323565	2.170861E+0	
14.323569	2.314408E+0	
14.323573	2.392619E+0	
14.323577	2.400022E+0	
14.323581	2.338226E+0	
14.323585	2.208196E+0	
14.323589	2.010577E+0	
14.323593	1.758565E+0	
14.323597	1.450872E+0	
14.323601	1.103592E+0	
14.323605	7.228396E-1	
14.323609	3.202018E-1	
14.323613	-8.726328E-2
14.323617	-4.947278E-1
14.323621	-8.906053E-1
14.323625	-1.258481E+0
14.323629	-1.591597E+0
14.323633	-1.877401E+0
14.323637	-2.107524E+0
14.323641	-2.277140E+0
14.323645	-2.382385E+0
14.323649	-2.416501E+0
14.323653	-2.378844E+0
14.323657	-2.273599E+0
14.323661	-2.102053E+0
14.323665	-1.869033E+0
14.323669	-1.582585E+0
14.323673	-1.249469E+0
14.323677	-8.780530E-1
14.323681	-4.841067E-1
14.323685	-7.728587E-2
14.323689	3.340414E-1	
14.323693	7.341044E-1	
14.323697	1.114213E+0	
14.323701	1.461493E+0	
14.323705	1.765646E+0	
14.323709	2.017980E+0	
14.323713	2.212058E+0	
14.323717	2.340479E+0	
14.323721	2.402597E+0	
14.323725	2.392297E+0	
14.323729	2.311190E+0	
14.323733	2.166355E+0	
14.323737	1.958758E+0	
14.323741	1.689366E+0	
14.323745	1.374915E+0	
14.323749	1.016048E+0	
14.323753	6.301459E-1	
14.323757	2.249334E-1	
14.323761	-1.825315E-1
14.323765	-5.899959E-1
14.323769	-9.797581E-1
14.323773	-1.338622E+0
14.323777	-1.659508E+0
14.323781	-1.935012E+0
14.323785	-2.151618E+0
14.323789	-2.306106E+0
14.323793	-2.395903E+0
14.323797	-2.411673E+0
14.323801	-2.358890E+0
14.323805	-2.240770E+0
14.323809	-2.052488E+0
14.323813	-1.807881E+0
14.323817	-1.506950E+0
14.323821	-1.163213E+0
14.323825	-7.889002E-1
14.323829	-3.878730E-1
14.323833	1.926978E-2	
14.323837	4.273787E-1	
14.323841	8.251888E-1	
14.323845	1.199504E+0	
14.323849	1.535842E+0	
14.323853	1.829051E+0	
14.323857	2.069155E+0	
14.323861	2.246175E+0	
14.323865	2.360434E+0	
14.323869	2.405493E+0	
14.323873	2.378779E+0	
14.323877	2.284798E+0	
14.323881	2.123870E+0	
14.323885	1.902112E+0	
14.323889	1.619202E+0	
14.323893	1.294129E+0	
14.323897	9.285037E-1	
14.323901	5.358430E-1	
14.323905	1.290214E-1	
14.323909	-2.784434E-1
14.323913	-6.826892E-1
14.323917	-1.066336E+0
14.323921	-1.418763E+0
14.323925	-1.730959E+0
14.323929	-1.991014E+0
14.323933	-2.194746E+0
14.323937	-2.332498E+0
14.323941	-2.403305E+0
14.323945	-2.405558E+0
14.323949	-2.338291E+0
14.323953	-2.202148E+0
14.323957	-2.002279E+0
14.323961	-1.741258E+0
14.323965	-1.431959E+0
14.323969	-1.079532E+0
14.323973	-6.984599E-1
14.323977	-2.919612E-1
14.323981	1.151818E-1	
14.323985	5.249000E-1	
14.323989	9.153077E-1	
14.323993	1.280933E+0	
14.323997	1.608259E+0	
14.324001	1.891169E+0	
14.324005	2.116789E+0	
14.324009	2.279970E+0	
14.324013	2.377814E+0	
14.324017	2.403884E+0	
14.324021	2.363330E+0	
14.324025	2.253899E+0	
14.324029	2.077523E+0	
14.324033	1.839672E+0	
14.324037	1.548072E+0	
14.324041	1.212057E+0	
14.324045	8.403159E-1	
14.324049	4.425057E-1	
14.324053	3.632795E-2	
14.324057	-3.746771E-1
14.324061	-7.724858E-1
14.324065	-1.150339E+0
14.324069	-1.496329E+0
14.324073	-1.796938E+0
14.324077	-2.041867E+0
14.324081	-2.235299E+0
14.324085	-2.357602E+0
14.324089	-2.413604E+0
14.324093	-2.397834E+0
14.324097	-2.312543E+0
14.324101	-2.158055E+0
14.324105	-1.945633E+0
14.324109	-1.673991E+0
14.324113	-1.350209E+0
14.324117	-9.932759E-1
14.324121	-6.038355E-1
14.324125	-1.989459E-1
14.324129	2.117375E-1	
14.324133	6.175936E-1	
14.324137	1.002852E+0	
14.324141	1.363328E+0	
14.324145	1.678101E+0	
14.324149	1.949425E+0	
14.324153	2.160883E+0	
14.324157	2.310224E+0	
14.324161	2.389401E+0	
14.324165	2.402275E+0	
14.324169	2.343053E+0	
14.324173	2.216242E+0	
14.324177	2.026026E+0	
14.324181	1.774336E+0	
14.324185	1.473080E+0	
14.324189	1.126444E+0	
14.324193	7.479441E-1	
14.324197	3.469155E-1	
14.324201	-5.958400E-2
14.324205	-4.686578E-1
14.324209	-8.658227E-1
14.324213	-1.234986E+0
14.324217	-1.571321E+0
14.324221	-1.860343E+0
14.324225	-2.094972E+0
14.324229	-2.269737E+0
14.324233	-2.377879E+0
14.324237	-2.416501E+0
14.324241	-2.382063E+0
14.324245	-2.283577E+0
14.324249	-2.114927E+0
14.324253	-1.884160E+0
14.324257	-1.602540E+0
14.324261	-1.271034E+0
14.324265	-9.031575E-1
14.324269	-5.095330E-1
14.324273	-9.949366E-2
14.324277	3.070058E-1	
14.324281	7.099654E-1	
14.324285	1.090074E+0	
14.324289	1.443148E+0	
14.324293	1.748265E+0	
14.324297	2.001887E+0	
14.324301	2.200793E+0	
14.324305	2.335651E+0	
14.324309	2.398734E+0	
14.324313	2.396160E+0	
14.324317	2.318271E+0	
14.324321	2.180195E+0	
14.324325	1.973242E+0	
14.324329	1.707390E+0	
14.324333	1.397123E+0	
14.324337	1.041152E+0	
14.324341	6.568597E-1	
14.324345	2.490723E-1	
14.324349	-1.548522E-1
14.324353	-5.619948E-1
14.324357	-9.530444E-1
14.324361	-1.318667E+0
14.324365	-1.642450E+0
14.324369	-1.920851E+0
14.324373	-2.142606E+0
14.324377	-2.299025E+0
14.324381	-2.391075E+0
14.324385	-2.415214E+0
14.324389	-2.364039E+0
14.324393	-2.248495E+0
14.324397	-2.066005E+0
14.324401	-1.823008E+0
14.324405	-1.528514E+0
14.324409	-1.187352E+0
14.324413	-8.143265E-1
14.324417	-4.174834E-1
14.324421	-7.122097E-3
14.324425	4.022742E-1	
14.324429	8.007280E-1	
14.324433	1.176009E+0	
14.324437	1.517496E+0	
14.324441	1.814246E+0	
14.324445	2.054027E+0	
14.324449	2.238129E+0	
14.324453	2.355284E+0	
14.324457	2.403884E+0	
14.324461	2.383607E+0	
14.324465	2.293488E+0	
14.324469	2.135779E+0	
14.324473	1.916595E+0	
14.324477	1.640122E+0	
14.324481	1.315372E+0	
14.324485	9.536083E-1	
14.324489	5.622350E-1	
14.324493	1.554133E-1	
14.324497	-2.533389E-1
14.324501	-6.588722E-1
14.324505	-1.043807E+0
14.324509	-1.396877E+0
14.324513	-1.712291E+0
14.324517	-1.974600E+0
14.324521	-2.182515E+0
14.324525	-2.325739E+0
14.324529	-2.403305E+0
14.324533	-2.410708E+0
14.324537	-2.345372E+0
14.324541	-2.212448E+0
14.324545	-2.015153E+0
14.324549	-1.758960E+0
14.324553	-1.453845E+0
14.324557	-1.103993E+0
14.324561	-7.225988E-1
14.324565	-3.177093E-1
14.324569	8.975543E-2	
14.324573	4.968988E-1	
14.324577	8.908469E-1	
14.324581	1.260978E+0	
14.324585	1.590879E+0	
14.324589	1.872823E+0	
14.324593	2.104237E+0	
14.324597	2.271280E+0	
14.324601	2.372342E+0	
14.324605	2.407746E+0	
14.324609	2.369446E+0	
14.324613	2.262590E+0	
14.324617	2.087500E+0	
14.324621	1.853834E+0	
14.324625	1.567383E+0	
14.324629	1.233299E+0	
14.324633	8.612364E-1	
14.324637	4.669665E-1	
14.324641	5.724835E-2	
14.324645	-3.486071E-1
14.324649	-7.515654E-1
14.324653	-1.128775E+0
14.324657	-1.474443E+0
14.324661	-1.777627E+0
14.324665	-2.030924E+0
14.324669	-2.220816E+0
14.324673	-2.351487E+0
14.324677	-2.412961E+0
14.324681	-2.400087E+0
14.324685	-2.318980E+0
14.324689	-2.170929E+0
14.324693	-1.957864E+0
14.324697	-1.690405E+0
14.324701	-1.373704E+0
14.324705	-1.016771E+0
14.324709	-6.257214E-1
14.324713	-2.234067E-1
14.324717	1.847019E-1	
14.324721	5.934547E-1	
14.324725	9.803221E-1	
14.324729	1.341442E+0	
14.324733	1.661043E+0	
14.324737	1.933332E+0	
14.324741	2.149296E+0	
14.324745	2.301212E+0	
14.324749	2.386504E+0	
14.324753	2.403240E+0	
14.324757	2.349812E+0	
14.324761	2.228473E+0	
14.324765	2.040188E+0	
14.324769	1.793325E+0	
14.324773	1.494322E+0	
14.324777	1.150261E+0	
14.324781	7.730486E-1	
14.324785	3.742730E-1	
14.324789	-3.512324E-2
14.324793	-4.445189E-1
14.324797	-8.416838E-1
14.324801	-1.214066E+0
14.324805	-1.552010E+0
14.324809	-1.843285E+0
14.324813	-2.079845E+0
14.324817	-2.259116E+0
14.324821	-2.371442E+0
14.324825	-2.413926E+0
14.324829	-2.388178E+0
14.324833	-2.290657E+0
14.324837	-2.124582E+0
14.324841	-1.901218E+0
14.324845	-1.620242E+0
14.324849	-1.292919E+0
14.324853	-9.263308E-1
14.324857	-5.343156E-1
14.324861	-1.268511E-1
14.324865	2.828669E-1	
14.324869	6.835735E-1	
14.324873	1.066579E+0	
14.324877	1.419974E+0	
14.324881	1.730242E+0	
14.324885	1.987403E+0	
14.324889	2.190494E+0	
14.324893	2.327282E+0	
14.324897	2.397447E+0	
14.324901	2.395194E+0	
14.324905	2.327282E+0	
14.324909	2.188563E+0	
14.324913	1.985150E+0	
14.324917	1.726701E+0	
14.324921	1.414181E+0	
14.324925	1.063682E+0	
14.324929	6.797113E-1	
14.324933	2.773954E-1	
14.324937	-1.316789E-1
14.324941	-5.384996E-1
14.324945	-9.305148E-1
14.324949	-1.296138E+0
14.324953	-1.624104E+0
14.324957	-1.904436E+0
14.324961	-2.128445E+0
14.324965	-2.290014E+0
14.324969	-2.388178E+0
14.324973	-2.413926E+0
14.324977	-2.369189E+0
14.324981	-2.258472E+0
14.324985	-2.079201E+0
14.324989	-1.840066E+0
14.324993	-1.548147E+0
14.324997	-1.210847E+0
14.325001	-8.362124E-1
14.325005	-4.406567E-1
14.325009	-3.287027E-2
14.325013	3.768478E-1	
14.325017	7.762672E-1	
14.325021	1.154123E+0	
14.325025	1.496254E+0	
14.325029	1.798153E+0	
14.325033	2.041153E+0	
14.325037	2.227507E+0	
14.325041	2.350134E+0	
14.325045	2.405493E+0	
14.325049	2.386826E+0	
14.325053	2.301212E+0	
14.325057	2.145756E+0	
14.325061	1.929470E+0	
14.325065	1.656859E+0	
14.325069	1.336936E+0	
14.325073	9.767817E-1	
14.325077	5.883050E-1	
14.325081	1.824489E-1	
14.325085	-2.288782E-1
14.325089	-6.321585E-1
14.325093	-1.019346E+0
14.325097	-1.377566E+0
14.325101	-1.694590E+0
14.325105	-1.962691E+0
14.325109	-2.170929E+0
14.325113	-2.319302E+0
14.325117	-2.401374E+0
14.325121	-2.410386E+0
14.325125	-2.351809E+0
14.325129	-2.223069E+0
14.325133	-2.030280E+0
14.325137	-1.777627E+0
14.325141	-1.472834E+0
14.325145	-1.127166E+0
14.325149	-7.454502E-1
14.325153	-3.444230E-1
14.325157	6.368539E-2	
14.325161	4.721162E-1	
14.325165	8.696046E-1	
14.325169	1.238770E+0	
14.325173	1.568349E+0	
14.325177	1.857052E+0	
14.325181	2.090397E+0	
14.325185	2.261624E+0	
14.325189	2.366871E+0	
14.325193	2.409034E+0	
14.325197	2.372986E+0	
14.325201	2.271280E+0	
14.325205	2.102306E+0	
14.325209	1.871858E+0	
14.325213	1.586051E+0	
14.325217	1.253898E+0	
14.325221	8.889158E-1	
14.325225	4.946459E-1	
14.325229	8.718061E-2	
14.325233	-3.231808E-1
14.325237	-7.254954E-1
14.325241	-1.106568E+0
14.325245	-1.454810E+0
14.325249	-1.759282E+0
14.325253	-2.016119E+0
14.325257	-2.212126E+0
14.325261	-2.346016E+0
14.325265	-2.409742E+0
14.325269	-2.402018E+0
14.325273	-2.327026E+0
14.325277	-2.181872E+0
14.325281	-1.976531E+0
14.325285	-1.709395E+0
14.325289	-1.394302E+0
14.325293	-1.038657E+0
14.325297	-6.517914E-1
14.325301	-2.485111E-1
14.325305	1.589537E-1	
14.325309	5.677065E-1	
14.325313	9.565049E-1	
14.325317	1.319234E+0	
14.325321	1.640766E+0	
14.325325	1.917561E+0	
14.325329	2.137710E+0	
14.325333	2.292200E+0	
14.325337	2.383285E+0	
14.325341	2.404850E+0	
14.325345	2.354318E+0	
14.325349	2.236519E+0	
14.325353	2.053706E+0	
14.325357	1.810383E+0	
14.325361	1.512668E+0	
14.325365	1.174400E+0	
14.325369	7.962221E-1	
14.325373	4.006649E-1	
14.325377	-7.765801E-3
14.325381	-4.171615E-1
14.325385	-8.156139E-1
14.325389	-1.190249E+0
14.325393	-1.531411E+0
14.325397	-1.825905E+0
14.325401	-2.069868E+0
14.325405	-2.251713E+0
14.325409	-2.365970E+0
14.325413	-2.414570E+0
14.325417	-2.391397E+0
14.325421	-2.301278E+0
14.325425	-2.140353E+0
14.325429	-1.919241E+0
14.325433	-1.639231E+0
14.325437	-1.317380E+0
14.325441	-9.485385E-1
14.325445	-5.587763E-1
14.325449	-1.525993E-1
14.325453	2.542220E-1	
14.325457	6.587908E-1	
14.325461	1.043405E+0	
14.325465	1.398410E+0	
14.325469	1.712861E+0	
14.325473	1.972920E+0	
14.325477	2.181482E+0	
14.325481	2.320523E+0	
14.325485	2.394228E+0	
14.325489	2.401309E+0	
14.325493	2.332754E+0	
14.325497	2.201115E+0	
14.325501	2.001887E+0	
14.325505	1.746334E+0	
14.325509	1.436711E+0	
14.325513	1.088143E+0	
14.325517	7.083562E-1	
14.325521	3.024999E-1	
14.325525	-1.036777E-1
14.325529	-5.130734E-1
14.325533	-9.073415E-1
14.325537	-1.274574E+0
14.325541	-1.605759E+0
14.325545	-1.888987E+0
14.325549	-2.114605E+0
14.325553	-2.283898E+0
14.325557	-2.383350E+0
14.325561	-2.415214E+0
14.325565	-2.375948E+0
14.325569	-2.268450E+0
14.325573	-2.090466E+0
14.325577	-1.858090E+0
14.325581	-1.567458E+0
14.325585	-1.231446E+0
14.325589	-8.603512E-1
14.325593	-4.664049E-1
14.325597	-5.797474E-2
14.325601	3.520652E-1	
14.325605	7.524500E-1	
14.325609	1.131915E+0	
14.325613	1.475011E+0	
14.325617	1.777554E+0	
14.325621	2.027957E+0	
14.325625	2.218174E+0	
14.325629	2.343697E+0	
14.325633	2.403562E+0	
14.325637	2.389722E+0	
14.325641	2.308293E+0	
14.325645	2.159274E+0	
14.325649	1.946206E+0	
14.325653	1.676814E+0	
14.325657	1.358178E+0	
14.325661	1.000599E+0	
14.325665	6.127659E-1	
14.325669	2.075534E-1	
14.325673	-2.005552E-1
14.325677	-6.080196E-1
14.325681	-9.977818E-1
14.325685	-1.354393E+0
14.325689	-1.673347E+0
14.325693	-1.946921E+0
14.325697	-2.161917E+0
14.325701	-2.313187E+0
14.325705	-2.396224E+0
14.325709	-2.412961E+0
14.325713	-2.356959E+0
14.325717	-2.233046E+0
14.325721	-2.042832E+0
14.325725	-1.792432E+0
14.325729	-1.494398E+0
14.325733	-1.151627E+0
14.325737	-7.731295E-1
14.325741	-3.695275E-1
14.325745	4.019018E-2	
14.325749	4.466898E-1	
14.325753	8.438563E-1	
14.325757	1.213666E+0	
14.325761	1.549038E+0	
14.325765	1.842247E+0	
14.325769	2.077523E+0	
14.325773	2.254221E+0	
14.325777	2.363652E+0	
14.325781	2.405493E+0	
14.325785	2.376526E+0	
14.325789	2.279326E+0	
14.325793	2.113892E+0	
14.325797	1.886341E+0	
14.325801	1.607293E+0	
14.325805	1.279324E+0	
14.325809	9.114455E-1	
14.325813	5.200722E-1	
14.325817	1.100321E-1	
14.325821	-2.974326E-1
14.325825	-6.991036E-1
14.325829	-1.083394E+0
14.325833	-1.432281E+0
14.325837	-1.743189E+0
14.325841	-2.000992E+0
14.325845	-2.203758E+0
14.325849	-2.339900E+0
14.325853	-2.407489E+0
14.325857	-2.406202E+0
14.325861	-2.334107E+0
14.325865	-2.192171E+0
14.325869	-1.989405E+0
14.325873	-1.727740E+0
14.325877	-1.416188E+0
14.325881	-1.061186E+0
14.325885	-6.778614E-1
14.325889	-2.742593E-1
14.325893	1.354585E-1	
14.325897	5.426019E-1	
14.325901	9.330097E-1	
14.325905	1.297670E+0	
14.325909	1.623386E+0	
14.325913	1.901146E+0	
14.325917	2.125157E+0	
14.325921	2.284798E+0	
14.325925	2.380710E+0	
14.325929	2.404206E+0	
14.325933	2.360112E+0	
14.325937	2.244887E+0	
14.325941	2.065292E+0	
14.325945	1.826154E+0	
14.325949	1.532945E+0	
14.325953	1.194998E+0	
14.325957	8.219703E-1	
14.325961	4.231946E-1	
14.325965	1.605126E-2	
14.325969	-3.914134E-1
14.325973	-7.934061E-1
14.325977	-1.167719E+0
14.325981	-1.509847E+0
14.325985	-1.810456E+0
14.325989	-2.056350E+0
14.325993	-2.242058E+0
14.325997	-2.360177E+0
14.326001	-2.414570E+0
14.326005	-2.394937E+0
14.326009	-2.306750E+0
14.326013	-2.151296E+0
14.326017	-1.933725E+0
14.326021	-1.658220E+0
14.326025	-1.335082E+0
14.326029	-9.752522E-1
14.326033	-5.845244E-1
14.326037	-1.786693E-1
14.326041	2.307268E-1	
14.326045	6.359393E-1	
14.326049	1.020554E+0	
14.326053	1.378133E+0	
14.326057	1.691297E+0	
14.326061	1.958437E+0	
14.326065	2.170217E+0	
14.326069	2.312477E+0	
14.326073	2.394550E+0	
14.326077	2.399700E+0	
14.326081	2.338869E+0	
14.326085	2.208840E+0	
14.326089	2.013796E+0	
14.326093	1.761783E+0	
14.326097	1.458597E+0	
14.326101	1.110351E+0	
14.326105	7.312077E-1	
14.326109	3.272825E-1	
14.326113	-7.953883E-2
14.326117	-4.873252E-1
14.326121	-8.828808E-1
14.326125	-1.252366E+0
14.326129	-1.583873E+0
14.326133	-1.871929E+0
14.326137	-2.102375E+0
14.326141	-2.276174E+0
14.326145	-2.379810E+0
14.326149	-2.417145E+0
14.326153	-2.379810E+0
14.326157	-2.275852E+0
14.326161	-2.106559E+0
14.326165	-1.873539E+0
14.326169	-1.585804E+0
14.326173	-1.254297E+0
14.326177	-8.844901E-1
14.326181	-4.892563E-1
14.326185	-8.146994E-2
14.326189	3.256732E-1	
14.326193	7.270236E-1	
14.326197	1.109063E+0	
14.326201	1.455700E+0	
14.326205	1.760818E+0	
14.326209	2.014439E+0	
14.326213	2.208840E+0	
14.326217	2.340800E+0	
14.326221	2.401953E+0	
14.326225	2.393907E+0	
14.326229	2.315696E+0	
14.326233	2.171183E+0	
14.326237	1.961011E+0	
14.326241	1.695481E+0	
14.326245	1.380708E+0	
14.326249	1.021841E+0	
14.326253	6.375485E-1	
14.326257	2.316923E-1	
14.326261	-1.760945E-1
14.326265	-5.825933E-1
14.326269	-9.720337E-1
14.326273	-1.334116E+0
14.326277	-1.656933E+0
14.326281	-1.931150E+0
14.326285	-2.148399E+0
14.326289	-2.302888E+0
14.326293	-2.395581E+0
14.326297	-2.414570E+0
14.326301	-2.361786E+0
14.326305	-2.242058E+0
14.326309	-2.055706E+0
14.326313	-1.812387E+0
14.326317	-1.513066E+0
14.326321	-1.171581E+0
14.326325	-7.946935E-1
14.326329	-3.972067E-1
14.326333	1.186718E-2	
14.326337	4.215853E-1	
14.326341	8.197173E-1	
14.326345	1.192102E+0	
14.326349	1.532945E+0	
14.326353	1.822292E+0	
14.326357	2.064327E+0	
14.326361	2.245853E+0	
14.326365	2.359790E+0	
14.326369	2.405171E+0	
14.326373	2.380710E+0	
14.326377	2.285763E+0	
14.326381	2.127088E+0	
14.326385	1.904365E+0	
14.326389	1.624995E+0	
14.326393	1.301854E+0	
14.326397	9.342971E-1	
14.326401	5.419582E-1	
14.326405	1.373896E-1	
14.326409	-2.720063E-1
14.326413	-6.778614E-1
14.326417	-1.058612E+0
14.326421	-1.411361E+0
14.326425	-1.726453E+0
14.326429	-1.987474E+0
14.326433	-2.193137E+0
14.326437	-2.332176E+0
14.326441	-2.404271E+0
14.326445	-2.409742E+0
14.326449	-2.338935E+0
14.326453	-2.204723E+0
14.326457	-2.004532E+0
14.326461	-1.744155E+0
14.326465	-1.436787E+0
14.326469	-1.085969E+0
14.326473	-7.016784E-1
14.326477	-2.987201E-1
14.326481	1.071355E-1	
14.326485	5.155663E-1	
14.326489	9.101581E-1	
14.326493	1.274174E+0	
14.326497	1.606006E+0	
14.326501	1.885375E+0	
14.326505	2.113571E+0	