0.377893	-2.643323E-2	6.604001E-1	-5.108204E-1	1.142162E-1
0.377897	4.360687E-1	7.724049E-1	-3.785393E-1	1.167910E-1
0.377901	8.850535E-1	8.519026E-1	-2.320967E-1	1.135725E-1
0.377905	1.299601E+0	9.024336E-1	-7.760772E-2	1.068136E-1
0.377909	1.661687E+0	9.217448E-1	8.009986E-2	9.941100E-2
0.377913	1.963264E+0	9.043647E-1	2.345890E-1	8.878987E-2
0.377917	2.190494E+0	8.522245E-1	3.800663E-1	6.980059E-2
0.377921	2.338869E+0	7.720831E-1	5.110604E-1	5.145501E-2
0.377925	2.399700E+0	6.587908E-1	6.237089E-1	2.924720E-2
0.377929	2.369124E+0	5.207159E-1	7.128621E-1	7.683104E-3
0.377933	2.249393E+0	3.665485E-1	7.753016E-1	-1.323729E-2
0.377937	2.045337E+0	1.991852E-1	8.084525E-1	-3.158286E-2
0.377941	1.765002E+0	2.635053E-2	8.126366E-1	-5.121584E-2
0.377945	1.418687E+0	-1.471278E-1	7.849572E-1	-6.956141E-2
0.377949	1.022163E+0	-3.206060E-1	7.283111E-1	-8.565402E-2
0.377953	5.837991E-1	-4.789571E-1	6.426982E-1	-1.001374E-1
0.377957	1.264466E-1	-6.186407E-1	5.342338E-1	-1.088274E-1
0.377961	-3.366986E-1	-7.367602E-1	4.058145E-1	-1.175174E-1
0.377965	-7.905094E-1	-8.320283E-1	2.625902E-1	-1.168737E-1
0.377969	-1.209882E+0	-8.912490E-1	1.090666E-1	-1.149426E-1
0.377973	-1.590310E+0	-9.173189E-1	-4.831917E-2	-1.075400E-1
0.377977	-1.908942E+0	-9.121693E-1	-2.047393E-1	-9.756255E-2
0.377981	-2.155480E+0	-8.716160E-1	-3.534349E-1	-8.114809E-2
0.377985	-2.321877E+0	-7.959809E-1	-4.886126E-1	-6.473363E-2
0.377989	-2.401696E+0	-6.897699E-1	-6.054448E-1	-4.510065E-2
0.377993	-2.393650E+0	-5.574889E-1	-7.007129E-1	-2.257100E-2
0.377997	-2.294520E+0	-4.065404E-1	-7.692672E-1	9.242081E-4
0.378001	-2.108812E+0	-2.398211E-1	-8.101424E-1	2.055719E-2
0.378005	-1.845538E+0	-6.602104E-2	-8.204416E-1	4.276500E-2
0.378009	-1.515319E+0	1.100321E-1	-8.004868E-1	5.982317E-2
0.378013	-1.127166E+0	2.806139E-1	-7.502780E-1	7.720319E-2
0.378017	-6.942758E-1	4.466898E-1	-6.714244E-1	9.265210E-2
0.378021	-2.378900E-1	5.937765E-1	-5.681100E-1	9.973285E-2
0.378025	2.239679E-1	7.147932E-1	-4.441971E-1	1.100321E-1
0.378029	6.793894E-1	8.123147E-1	-3.035478E-1	1.113195E-1
0.378033	1.108742E+0	8.808694E-1	-1.519555E-1	1.074573E-1
0.378037	1.500760E+0	9.146640E-1	4.786434E-3	1.016640E-1
0.378041	1.831626E+0	9.149859E-1	1.615285E-1	9.200839E-2
0.378045	2.097156E+0	8.828006E-1	3.121554E-1	7.559393E-2
0.378049	2.281257E+0	8.136021E-1	4.515176E-1	5.917946E-2
0.378053	2.381354E+0	7.147932E-1	5.722124E-1	3.922462E-2
0.378057	2.394872E+0	5.912017E-1	6.732742E-1	1.669497E-2
0.378061	2.316339E+0	4.408965E-1	7.492315E-1	-1.650609E-3
0.378065	2.152193E+0	2.773954E-1	7.965439E-1	-2.385841E-2
0.378069	1.907905E+0	1.068136E-1	8.136021E-1	-4.316954E-2
0.378073	1.590557E+0	-6.730845E-2	8.016936E-1	-6.119326E-2
0.378077	1.212700E+0	-2.414304E-1	7.579215E-1	-7.986068E-2
0.378081	7.913943E-1	-4.062186E-1	6.858265E-1	-9.402218E-2
0.378085	3.417659E-1	-5.574889E-1	5.883050E-1	-1.036777E-1
0.378089	-1.220233E-1	-6.852640E-1	4.679321E-1	-1.123677E-1
0.378093	-5.803404E-1	-7.905094E-1	3.308229E-1	-1.191266E-1
0.378097	-1.019024E+0	-8.655008E-1	1.814833E-1	-1.159081E-1
0.378101	-1.419407E+0	-9.108819E-1	2.506312E-2	-1.104366E-1
0.378105	-1.766684E+0	-9.198937E-1	-1.323226E-1	-1.017466E-1
0.378109	-2.047338E+0	-8.947893E-1	-2.852023E-1	-9.241292E-2
0.378113	-2.253323E+0	-8.333157E-1	-4.271389E-1	-7.471105E-2
0.378117	-2.375948E+0	-7.386914E-1	-5.536267E-1	-5.346881E-2
0.378121	-2.407811E+0	-6.237903E-1	-6.588722E-1	-3.383583E-2
0.378125	-2.351487E+0	-4.786352E-1	-7.409443E-1	-1.066247E-2
0.378129	-2.208907E+0	-3.154563E-1	-7.953372E-1	1.476385E-2
0.378133	-1.981037E+0	-1.509900E-1	-8.201198E-1	3.182202E-2
0.378137	-1.676888E+0	2.828165E-2	-8.140046E-1	5.048945E-2
0.378141	-1.313196E+0	2.024037E-1	-7.776354E-1	6.883503E-2
0.378145	-8.999389E-1	3.681578E-1	-7.122995E-1	8.524949E-2
0.378149	-4.535308E-1	5.268312E-1	-6.192844E-1	9.747988E-2
0.378153	5.430139E-3	6.597564E-1	-5.043834E-1	1.071355E-1
0.378157	4.685758E-1	7.711175E-1	-3.708149E-1	1.119632E-1
0.378161	9.143422E-1	8.512589E-1	-2.240504E-1	1.093884E-1
0.378165	1.323740E+0	9.014680E-1	-6.891771E-2	1.052043E-1
0.378169	1.684860E+0	9.182044E-1	8.878987E-2	9.747988E-2
0.378173	1.980323E+0	8.992151E-1	2.429572E-1	8.460579E-2
0.378177	2.204977E+0	8.473967E-1	3.877908E-1	6.819132E-2
0.378181	2.346594E+0	7.637149E-1	5.187848E-1	5.081130E-2
0.378185	2.399378E+0	6.504226E-1	6.291804E-1	2.956905E-2
0.378189	2.362365E+0	5.117041E-1	7.167244E-1	5.751991E-3
0.378193	2.239094E+0	3.562492E-1	7.778764E-1	-1.549025E-2
0.378197	2.032463E+0	1.888859E-1	8.094180E-1	-3.447953E-2
0.378201	1.744403E+0	1.444200E-2	8.103836E-1	-5.443436E-2
0.378205	1.397766E+0	-1.587144E-1	7.817387E-1	-7.052697E-2
0.378209	9.957711E-1	-3.315489E-1	7.228396E-1	-8.758513E-2
0.378213	5.561198E-1	-4.889345E-1	6.362611E-1	-1.023903E-1
0.378217	9.747988E-2	-6.286181E-1	5.258656E-1	-1.097929E-1
0.378221	-3.656652E-1	-7.441628E-1	3.964808E-1	-1.152644E-1
0.378225	-8.165794E-1	-8.365342E-1	2.526127E-1	-1.152644E-1
0.378229	-1.236595E+0	-8.925364E-1	9.908914E-2	-1.142989E-1
0.378233	-1.612196E+0	-9.176408E-1	-5.861844E-2	-1.091492E-1
0.378237	-1.925035E+0	-9.089508E-1	-2.143948E-1	-9.691884E-2
0.378241	-2.167388E+0	-8.658227E-1	-3.624467E-1	-7.986068E-2
0.378245	-2.329279E+0	-7.901876E-1	-4.960152E-1	-6.473363E-2
0.378249	-2.403627E+0	-6.810799E-1	-6.122037E-1	-4.349139E-2
0.378253	-2.389144E+0	-5.497645E-1	-7.061843E-1	-2.096174E-2
0.378257	-2.285508E+0	-3.978504E-1	-7.731295E-1	2.533469E-3
0.378261	-2.095616E+0	-2.269471E-1	-8.120735E-1	2.345386E-2
0.378265	-1.828801E+0	-5.604363E-2	-8.207635E-1	4.308685E-2
0.378269	-1.490858E+0	1.180784E-1	-7.985557E-1	6.111057E-2
0.378273	-1.099165E+0	2.934880E-1	-7.460939E-1	7.977801E-2
0.378277	-6.649873E-1	4.560236E-1	-6.659529E-1	9.329580E-2
0.378281	-2.082797E-1	6.002136E-1	-5.607074E-1	9.941100E-2
0.378285	2.532564E-1	7.218740E-1	-4.358289E-1	1.109977E-1
0.378289	7.064251E-1	8.181081E-1	-2.942141E-1	1.106758E-1
0.378293	1.137065E+0	8.840880E-1	-1.423000E-1	1.074573E-1
0.378297	1.522324E+0	9.136985E-1	1.508571E-2	1.023077E-1
0.378301	1.849328E+0	9.136985E-1	1.711841E-1	9.168654E-2
0.378305	2.111639E+0	8.763635E-1	3.214892E-1	7.655948E-2
0.378309	2.288016E+0	8.074869E-1	4.592421E-1	5.757020E-2
0.378313	2.387469E+0	7.067469E-1	5.796150E-1	3.922462E-2
0.378317	2.392297E+0	5.792932E-1	6.784238E-1	1.701682E-2
0.378321	2.308293E+0	4.302753E-1	7.524500E-1	-5.512836E-3
0.378325	2.136744E+0	2.664524E-1	7.978313E-1	-2.578952E-2
0.378329	1.888272E+0	9.426136E-2	8.139240E-1	-4.284769E-2
0.378333	1.568671E+0	-7.857327E-2	7.994406E-1	-6.022770E-2
0.378337	1.186630E+0	-2.510860E-1	7.537374E-1	-7.889513E-2
0.378341	7.650023E-1	-4.171615E-1	6.803550E-1	-9.466588E-2
0.378345	3.099025E-1	-5.668226E-1	5.805806E-1	-1.049651E-1
0.378349	-1.480933E-1	-6.923447E-1	4.598858E-1	-1.162300E-1
0.378353	-6.080196E-1	-7.972683E-1	3.214892E-1	-1.184829E-1
0.378357	-1.046059E+0	-8.703286E-1	1.711841E-1	-1.152644E-1
0.378361	-1.442902E+0	-9.095945E-1	1.476385E-2	-1.094711E-1
0.378365	-1.786639E+0	-9.189282E-1	-1.426218E-1	-1.027122E-1
0.378369	-2.061500E+0	-8.906053E-1	-2.942141E-1	-9.048180E-2
0.378373	-2.263300E+0	-8.294535E-1	-4.358289E-1	-7.438920E-2
0.378377	-2.379166E+0	-7.364384E-1	-5.610293E-1	-5.282510E-2
0.378381	-2.408777E+0	-6.131692E-1	-6.653092E-1	-2.868619E-2
0.378385	-2.341510E+0	-4.686578E-1	-7.454502E-1	-7.443949E-3
0.378389	-2.192493E+0	-3.099849E-1	-7.972683E-1	1.251089E-2
0.378393	-1.962048E+0	-1.361848E-1	-8.204416E-1	3.343128E-2
0.378397	-1.656933E+0	3.793721E-2	-8.127172E-1	5.081130E-2
0.378401	-1.289701E+0	2.114156E-1	-7.744169E-1	7.205355E-2
0.378405	-8.712942E-1	3.810319E-1	-7.065062E-1	8.685876E-2
0.378409	-4.261734E-1	5.339119E-1	-6.128474E-1	9.812359E-2
0.378413	3.922462E-2	6.668371E-1	-4.963371E-1	1.081010E-1
0.378417	4.956114E-1	7.762672E-1	-3.618030E-1	1.119632E-1
0.378421	9.375156E-1	8.557649E-1	-2.143948E-1	1.109977E-1
0.378425	1.347557E+0	9.033992E-1	-5.894029E-2	1.042388E-1
0.378429	1.705459E+0	9.198137E-1	9.876729E-2	9.587062E-2
0.378433	1.998668E+0	9.005025E-1	2.526127E-1	8.396209E-2
0.378437	2.216886E+0	8.441782E-1	3.964808E-1	6.819132E-2
0.378441	2.353031E+0	7.582434E-1	5.249000E-1	4.791463E-2
0.378445	2.401631E+0	6.407671E-1	6.352956E-1	2.892535E-2
0.378449	2.356893E+0	5.049452E-1	7.209084E-1	4.786434E-3
0.378453	2.228473E+0	3.459500E-1	7.807731E-1	-1.774322E-2
0.378457	2.012830E+0	1.772993E-1	8.103836E-1	-3.608879E-2
0.378461	1.726057E+0	4.464582E-3	8.097399E-1	-5.443436E-2
0.378465	1.372340E+0	-1.719104E-1	7.781983E-1	-7.052697E-2
0.378469	9.677698E-1	-3.415264E-1	7.183336E-1	-8.694143E-2
0.378473	5.271530E-1	-4.976245E-1	6.301459E-1	-1.017466E-1
0.378477	6.271984E-2	-6.350551E-1	5.184630E-1	-1.107585E-1
0.378481	-3.968849E-1	-7.518873E-1	3.881126E-1	-1.175174E-1
0.378485	-8.461898E-1	-8.387872E-1	2.432790E-1	-1.165518E-1
0.378489	-1.263631E+0	-8.951112E-1	8.814616E-2	-1.152644E-1
0.378493	-1.633116E+0	-9.182845E-1	-6.891771E-2	-1.078618E-1
0.378497	-1.942737E+0	-9.076634E-1	-2.243723E-1	-9.852810E-2
0.378501	-2.181872E+0	-8.635697E-1	-3.714586E-1	-8.146994E-2
0.378505	-2.335073E+0	-7.831069E-1	-5.047052E-1	-6.183696E-2
0.378509	-2.404271E+0	-6.752866E-1	-6.192844E-1	-4.188213E-2
0.378513	-2.388178E+0	-5.375341E-1	-7.110121E-1	-1.709951E-2
0.378517	-2.276174E+0	-3.869075E-1	-7.766698E-1	5.751991E-3
0.378521	-2.079201E+0	-2.198663E-1	-8.140046E-1	2.409757E-2
0.378525	-1.807881E+0	-4.542250E-2	-8.197979E-1	4.533981E-2
0.378529	-1.468006E+0	1.299870E-1	-7.959809E-1	6.046687E-2
0.378533	-1.073417E+0	3.041091E-1	-7.419099E-1	7.945615E-2
0.378537	-6.373081E-1	4.656791E-1	-6.604814E-1	9.426136E-2
0.378541	-1.806004E-1	6.082599E-1	-5.536267E-1	1.026295E-1
0.378545	2.806139E-1	7.289548E-1	-4.271389E-1	1.113195E-1
0.378549	7.363574E-1	8.235796E-1	-2.845586E-1	1.109977E-1
0.378553	1.162169E+0	8.866628E-1	-1.323226E-1	1.081010E-1
0.378557	1.544532E+0	9.156296E-1	2.474127E-2	1.035951E-1
0.378561	1.869283E+0	9.127329E-1	1.808396E-1	9.072098E-2
0.378565	2.125479E+0	8.753979E-1	3.308229E-1	7.398466E-2
0.378569	2.298637E+0	8.010499E-1	4.672884E-1	5.724835E-2
0.378573	2.387469E+0	6.990224E-1	5.866958E-1	3.600610E-2
0.378577	2.389401E+0	5.712468E-1	6.842172E-1	1.701682E-2
0.378581	2.298637E+0	4.215853E-1	7.556686E-1	-4.869131E-3
0.378585	2.124836E+0	2.577624E-1	7.997624E-1	-2.739878E-2
0.378589	1.869283E+0	8.396209E-2	8.139240E-1	-4.445695E-2
0.378593	1.545819E+0	-9.112551E-2	7.968658E-1	-6.344622E-2
0.378597	1.161526E+0	-2.623508E-1	7.505189E-1	-8.146994E-2
0.378601	7.376448E-1	-4.261734E-1	6.745616E-1	-9.563144E-2
0.378605	2.802920E-1	-5.748689E-1	5.734998E-1	-1.068963E-1
0.378609	-1.796348E-1	-7.016784E-1	4.508739E-1	-1.139770E-1
0.378613	-6.350551E-1	-8.040272E-1	3.121554E-1	-1.181611E-1
0.378617	-1.073739E+0	-8.741908E-1	1.612066E-1	-1.159081E-1
0.378621	-1.465753E+0	-9.121693E-1	5.108287E-3	-1.114022E-1
0.378625	-1.806915E+0	-9.186063E-1	-1.525993E-1	-1.007811E-1
0.378629	-2.081454E+0	-8.880304E-1	-3.038697E-1	-9.048180E-2
0.378633	-2.274887E+0	-8.252694E-1	-4.441971E-1	-7.277994E-2
0.378637	-2.385281E+0	-7.293577E-1	-5.684319E-1	-5.218140E-2
0.378641	-2.405880E+0	-6.064103E-1	-6.707807E-1	-3.061731E-2
0.378645	-2.337648E+0	-4.583586E-1	-7.499562E-1	-5.512836E-3
0.378649	-2.183481E+0	-2.967889E-1	-7.998431E-1	1.508571E-2
0.378653	-1.943380E+0	-1.278166E-1	-8.217290E-1	3.504054E-2
0.378657	-1.635047E+0	5.016760E-2	-8.117516E-1	5.499538E-2
0.378661	-1.263309E+0	2.246116E-1	-7.711984E-1	7.269726E-2
0.378665	-8.432931E-1	3.916530E-1	-7.016784E-1	8.653690E-2
0.378669	-3.946319E-1	5.442112E-1	-6.060885E-1	9.619247E-2
0.378673	6.465095E-2	6.742398E-1	-4.882908E-1	1.077792E-1
0.378677	5.255437E-1	7.836698E-1	-3.524693E-1	1.119632E-1
0.378681	9.671261E-1	8.593053E-1	-2.047393E-1	1.087447E-1
0.378685	1.371374E+0	9.053303E-1	-4.864103E-2	1.035951E-1
0.378689	1.726057E+0	9.191700E-1	1.077792E-1	9.361765E-2
0.378693	2.012508E+0	8.953528E-1	2.619464E-1	8.235282E-2
0.378697	2.226542E+0	8.406378E-1	4.048490E-1	6.658206E-2
0.378701	2.356571E+0	7.492315E-1	5.332682E-1	4.855834E-2
0.378705	2.399700E+0	6.346518E-1	6.414108E-1	2.667238E-2
0.378709	2.351743E+0	4.920711E-1	7.260581E-1	5.430139E-3
0.378713	2.216564E+0	3.353288E-1	7.830261E-1	-1.709951E-2
0.378717	2.001243E+0	1.650689E-1	8.110273E-1	-3.737620E-2
0.378721	1.704815E+0	-6.800244E-3	8.078088E-1	-5.443436E-2
0.378725	1.349166E+0	-1.828533E-1	7.759453E-1	-7.245808E-2
0.378729	9.397686E-1	-3.492508E-1	7.135058E-1	-9.015995E-2
0.378733	4.985081E-1	-5.079237E-1	6.233870E-1	-1.023903E-1
0.378737	3.761536E-2	-6.427796E-1	5.107385E-1	-1.104366E-1
0.378741	-4.226330E-1	-7.580024E-1	3.787789E-1	-1.171955E-1
0.378745	-8.729034E-1	-8.442586E-1	2.326579E-1	-1.178392E-1
0.378749	-1.287770E+0	-8.996171E-1	7.881245E-2	-1.155863E-1
0.378753	-1.654358E+0	-9.215030E-1	-7.889513E-2	-1.072181E-1
0.378757	-1.959795E+0	-9.041230E-1	-2.343497E-1	-9.241292E-2
0.378761	-2.193137E+0	-8.590638E-1	-3.804704E-1	-7.857327E-2
0.378765	-2.343763E+0	-7.795665E-1	-5.124297E-1	-5.926215E-2
0.378769	-2.407811E+0	-6.662748E-1	-6.260433E-1	-4.059472E-2
0.378773	-2.378844E+0	-5.317408E-1	-7.155180E-1	-1.838692E-2
0.378777	-2.265231E+0	-3.772519E-1	-7.802102E-1	5.751991E-3
0.378781	-2.065684E+0	-2.082797E-1	-8.149702E-1	2.763794E-2
0.378785	-1.787926E+0	-3.158286E-2	-8.191542E-1	4.437426E-2
0.378789	-1.443546E+0	1.418955E-1	-7.934061E-1	6.143243E-2
0.378793	-1.047025E+0	3.144084E-1	-7.374039E-1	8.009986E-2
0.378797	-6.073759E-1	4.740473E-1	-6.540444E-1	9.329580E-2
0.378801	-1.522774E-1	6.153407E-1	-5.462241E-1	1.010203E-1
0.378805	3.111899E-1	7.360355E-1	-4.184489E-1	1.116414E-1
0.378809	7.611401E-1	8.293729E-1	-2.752249E-1	1.103540E-1
0.378813	1.187918E+0	8.879502E-1	-1.223452E-1	1.077792E-1
0.378817	1.567705E+0	9.156296E-1	3.439684E-2	9.973285E-2
0.378821	1.886341E+0	9.114455E-1	1.908171E-1	9.168654E-2
0.378825	2.138997E+0	8.705701E-1	3.391911E-1	7.334096E-2
0.378829	2.307006E+0	7.962221E-1	4.753347E-1	5.660464E-2
0.378833	2.391010E+0	6.932291E-1	5.928110E-1	3.600610E-2
0.378837	2.385860E+0	5.619131E-1	6.896887E-1	1.379830E-2
0.378841	2.291557E+0	4.116079E-1	7.598527E-1	-5.190984E-3
0.378845	2.110996E+0	2.461757E-1	8.016936E-1	-2.932990E-2
0.378849	1.850615E+0	7.301911E-2	8.136021E-1	-4.510065E-2
0.378853	1.523289E+0	-1.020685E-1	7.952565E-1	-6.666475E-2
0.378857	1.137708E+0	-2.726500E-1	7.463348E-1	-8.018253E-2
0.378861	7.102873E-1	-4.374382E-1	6.690901E-1	-9.627514E-2
0.378865	2.532564E-1	-5.829152E-1	5.660972E-1	-1.062526E-1
0.378869	-2.073141E-1	-7.090810E-1	4.431494E-1	-1.165518E-1
0.378873	-6.640218E-1	-8.072457E-1	3.028217E-1	-1.178392E-1
0.378877	-1.097234E+0	-8.767656E-1	1.518729E-1	-1.168737E-1
0.378881	-1.488927E+0	-9.141004E-1	-5.190984E-3	-1.088274E-1
0.378885	-1.825905E+0	-9.169971E-1	-1.625767E-1	-9.949366E-2
0.378889	-2.094006E+0	-8.864212E-1	-3.132034E-1	-8.887254E-2
0.378893	-2.285508E+0	-8.201198E-1	-4.528871E-1	-6.988327E-2
0.378897	-2.387534E+0	-7.229206E-1	-5.758344E-1	-4.960658E-2
0.378901	-2.403305E+0	-5.967548E-1	-6.765740E-1	-2.675508E-2
0.378905	-2.329601E+0	-4.519215E-1	-7.531747E-1	-5.834688E-3
0.378909	-2.169963E+0	-2.861678E-1	-8.024180E-1	1.605126E-2
0.378913	-1.926322E+0	-1.165518E-1	-8.214072E-1	3.664980E-2
0.378917	-1.614770E+0	5.917946E-2	-8.094987E-1	5.563909E-2
0.378921	-1.239170E+0	2.345890E-1	-7.676580E-1	7.205355E-2
0.378925	-8.181887E-1	4.013086E-1	-6.971725E-1	8.878987E-2
0.378929	-3.663089E-1	5.529012E-1	-5.990078E-1	9.908914E-2
0.378933	9.168654E-2	6.832516E-1	-4.802445E-1	1.058480E-1
0.378937	5.551542E-1	7.888194E-1	-3.441012E-1	1.116414E-1
0.378941	9.912651E-1	8.644549E-1	-1.947619E-1	1.084229E-1
0.378945	1.397444E+0	9.075832E-1	-3.898546E-2	1.039169E-1
0.378949	1.746334E+0	9.188481E-1	1.177566E-1	9.522692E-2
0.378953	2.029566E+0	8.943873E-1	2.712802E-1	8.299653E-2
0.378957	2.237485E+0	8.370974E-1	4.141827E-1	6.497280E-2
0.378961	2.362687E+0	7.450474E-1	5.406708E-1	4.501796E-2
0.378965	2.399700E+0	6.262837E-1	6.481697E-1	2.506312E-2
0.378969	2.345628E+0	4.846684E-1	7.305640E-1	1.889765E-3
0.378973	2.207230E+0	3.237421E-1	7.859228E-1	-1.967433E-2
0.378977	1.980966E+0	1.550914E-1	8.123147E-1	-3.834176E-2
0.378981	1.684860E+0	-1.903063E-2	8.068432E-1	-5.572177E-2
0.378985	1.322774E+0	-1.950837E-1	7.727268E-1	-7.406734E-2
0.378989	9.114455E-1	-3.614812E-1	7.083562E-1	-8.951625E-2
0.378993	4.672884E-1	-5.169356E-1	6.166281E-1	-1.030340E-1
0.378997	7.361252E-3	-6.511477E-1	5.026922E-1	-1.120459E-1
0.379001	-4.522434E-1	-7.654050E-1	3.697670E-1	-1.152644E-1
0.379005	-9.012264E-1	-8.484427E-1	2.236460E-1	-1.178392E-1
0.379009	-1.313196E+0	-8.986515E-1	6.883503E-2	-1.155863E-1
0.379013	-1.676566E+0	-9.208593E-1	-8.919439E-2	-1.059307E-1
0.379017	-1.977496E+0	-9.041230E-1	-2.436834E-1	-9.305662E-2
0.379021	-2.203114E+0	-8.535923E-1	-3.891604E-1	-7.953883E-2
0.379025	-2.348590E+0	-7.715202E-1	-5.204759E-1	-6.280252E-2
0.379029	-2.408455E+0	-6.588722E-1	-6.321585E-1	-3.898546E-2
0.379033	-2.374982E+0	-5.195104E-1	-7.209895E-1	-1.549025E-2
0.379037	-2.256219E+0	-3.672745E-1	-7.827850E-1	6.717548E-3
0.379041	-2.049269E+0	-1.954056E-1	-8.162576E-1	2.699424E-2
0.379045	-1.767650E+0	-2.224915E-2	-8.191542E-1	4.662722E-2
0.379049	-1.419729E+0	1.560570E-1	-7.908313E-1	6.432910E-2
0.379053	-1.022242E+0	3.230984E-1	-7.332199E-1	8.138727E-2
0.379057	-5.825933E-1	4.830592E-1	-6.482511E-1	9.554877E-2
0.379061	-1.207359E-1	6.227433E-1	-5.384996E-1	1.045606E-1
0.379065	3.404785E-1	7.431163E-1	-4.097589E-1	1.097103E-1
0.379069	7.910724E-1	8.332352E-1	-2.658912E-1	1.100321E-1
0.379073	1.214953E+0	8.911687E-1	-1.126896E-1	1.071355E-1
0.379077	1.589591E+0	9.188481E-1	4.501796E-2	1.006984E-1
0.379081	1.904687E+0	9.085488E-1	2.011163E-1	8.750246E-2
0.379085	2.151871E+0	8.660642E-1	3.485248E-1	7.398466E-2
0.379089	2.314408E+0	7.904287E-1	4.833810E-1	5.531723E-2
0.379093	2.394872E+0	6.845391E-1	6.002136E-1	3.536239E-2
0.379097	2.383607E+0	5.532231E-1	6.945165E-1	1.283274E-2
0.379101	2.283510E+0	4.025960E-1	7.633930E-1	-7.765801E-3
0.379105	2.096512E+0	2.355545E-1	8.036247E-1	-2.868619E-2
0.379109	1.833879E+0	6.368539E-2	8.139240E-1	-4.670991E-2
0.379113	1.500438E+0	-1.110803E-1	7.930035E-1	-6.634289E-2
0.379117	1.110995E+0	-2.839149E-1	7.427944E-1	-8.404476E-2
0.379121	6.797113E-1	-4.477375E-1	6.629749E-1	-9.788440E-2
0.379125	2.223586E-1	-5.922489E-1	5.593383E-1	-1.065744E-1
0.379129	-2.378900E-1	-7.155180E-1	4.344594E-1	-1.146207E-1
0.379133	-6.939540E-1	-8.156139E-1	2.938098E-1	-1.159081E-1
0.379137	-1.123626E+0	-8.799842E-1	1.422174E-1	-1.149426E-1
0.379141	-1.512100E+0	-9.153878E-1	-1.484655E-2	-1.091492E-1
0.379145	-1.843928E+0	-9.166752E-1	-1.719104E-1	-9.981551E-2
0.379149	-2.107202E+0	-8.812716E-1	-3.225371E-1	-8.501032E-2
0.379153	-2.293554E+0	-8.130391E-1	-4.612552E-1	-6.923956E-2
0.379157	-2.388500E+0	-7.148743E-1	-5.822715E-1	-4.638806E-2
0.379161	-2.402018E+0	-5.890304E-1	-6.823673E-1	-2.675508E-2
0.379165	-2.323486E+0	-4.413004E-1	-7.573587E-1	-3.259870E-3
0.379169	-2.154836E+0	-2.774778E-1	-8.040272E-1	1.830423E-2
0.379173	-1.910230E+0	-1.056089E-1	-8.210853E-1	3.729351E-2
0.379177	-1.590310E+0	7.044429E-2	-8.078894E-1	5.692649E-2
0.379181	-1.213744E+0	2.468194E-1	-7.637958E-1	7.527207E-2
0.379185	-7.898657E-1	4.135390E-1	-6.907355E-1	8.878987E-2
0.379189	-3.366986E-1	5.632005E-1	-5.922489E-1	9.876729E-2
0.379193	1.219407E-1	6.906543E-1	-4.718763E-1	1.081010E-1
0.379197	5.841209E-1	7.942909E-1	-3.347675E-1	1.113195E-1
0.379201	1.020554E+0	8.696046E-1	-1.847845E-1	1.093884E-1
0.379205	1.420618E+0	9.088707E-1	-2.900804E-2	1.026295E-1
0.379209	1.766611E+0	9.172388E-1	1.286996E-1	9.490506E-2
0.379213	2.044694E+0	8.914906E-1	2.812576E-1	7.945615E-2
0.379217	2.248428E+0	8.303385E-1	4.225509E-1	6.561651E-2
0.379221	2.368158E+0	7.382885E-1	5.480734E-1	4.501796E-2
0.379225	2.398413E+0	6.188811E-1	6.536412E-1	2.377571E-2
0.379229	2.341444E+0	4.746910E-1	7.344263E-1	1.567913E-3
0.379233	2.196287E+0	3.134428E-1	7.884976E-1	-1.903063E-2
0.379237	1.967770E+0	1.447922E-1	8.132803E-1	-3.995102E-2
0.379241	1.663618E+0	-2.997360E-2	8.061995E-1	-5.668733E-2
0.379245	1.301210E+0	-2.047393E-1	7.701520E-1	-7.374549E-2
0.379249	8.856972E-1	-3.721023E-1	7.035284E-1	-9.176921E-2
0.379253	4.396091E-1	-5.275567E-1	6.108347E-1	-1.030340E-1
0.379257	-2.192730E-2	-6.608033E-1	4.952896E-1	-1.123677E-1
0.379261	-4.808882E-1	-7.728076E-1	3.613989E-1	-1.159081E-1
0.379265	-9.272963E-1	-8.526268E-1	2.143123E-1	-1.165518E-1
0.379269	-1.339266E+0	-9.028356E-1	5.885761E-2	-1.123677E-1
0.379273	-1.697808E+0	-9.198937E-1	-9.949366E-2	-1.056089E-1
0.379277	-1.992945E+0	-9.028356E-1	-2.533389E-1	-9.241292E-2
0.379281	-2.216632E+0	-8.516612E-1	-3.981723E-1	-7.664216E-2
0.379285	-2.355671E+0	-7.663706E-1	-5.282004E-1	-5.958400E-2
0.379289	-2.409098E+0	-6.505040E-1	-6.385955E-1	-3.576694E-2
0.379293	-2.370154E+0	-5.117860E-1	-7.251736E-1	-1.388099E-2
0.379297	-2.243667E+0	-3.572971E-1	-7.860035E-1	8.004956E-3
0.379301	-2.034786E+0	-1.863937E-1	-8.172231E-1	2.924720E-2
0.379305	-1.747051E+0	-9.053210E-3	-8.175450E-1	4.662722E-2
0.379309	-1.396555E+0	1.650689E-1	-7.876128E-1	6.626021E-2
0.379313	-9.942414E-1	3.346851E-1	-7.280703E-1	8.396209E-2
0.379317	-5.529830E-1	4.940022E-1	-6.411703E-1	9.587062E-2
0.379321	-9.337847E-2	6.369048E-1	-5.307752E-1	1.055262E-1
0.379325	3.697670E-1	7.485878E-1	-4.010689E-1	1.109977E-1
0.379329	8.190736E-1	8.383848E-1	-2.568793E-1	1.122851E-1
0.379333	1.240058E+0	8.943873E-1	-1.023903E-1	1.074573E-1
0.379337	1.609546E+0	9.182044E-1	5.499538E-2	9.941100E-2
0.379341	1.922067E+0	9.075832E-1	2.104501E-1	8.846802E-2
0.379345	2.164102E+0	8.615582E-1	3.572148E-1	7.462837E-2
0.379349	2.320523E+0	7.843135E-1	4.914273E-1	5.402982E-2
0.379353	2.398091E+0	6.777801E-1	6.069725E-1	3.343128E-2
0.379357	2.378457E+0	5.445331E-1	6.996661E-1	1.315459E-2
0.379361	2.273854E+0	3.910093E-1	7.669334E-1	-1.227173E-2
0.379365	2.083638E+0	2.236460E-1	8.052339E-1	-2.997360E-2
0.379369	1.814246E+0	5.113315E-2	8.132803E-1	-4.831917E-2
0.379373	1.475977E+0	-1.223452E-1	7.904287E-1	-6.666475E-2
0.379377	1.086534E+0	-2.958234E-1	7.379666E-1	-8.243550E-2
0.379381	6.513882E-1	-4.561056E-1	6.575034E-1	-9.917181E-2
0.379385	1.950011E-1	-5.993296E-1	5.519357E-1	-1.078618E-1
0.379389	-2.655693E-1	-7.229206E-1	4.260913E-1	-1.165518E-1
0.379393	-7.219551E-1	-8.188324E-1	2.841543E-1	-1.159081E-1
0.379397	-1.150983E+0	-8.835245E-1	1.322399E-1	-1.155863E-1
0.379401	-1.537204E+0	-9.176408E-1	-2.514582E-2	-1.101148E-1
0.379405	-1.863883E+0	-9.128130E-1	-1.818878E-1	-1.020685E-1
0.379409	-2.122973E+0	-8.793405E-1	-3.318708E-1	-8.661958E-2
0.379413	-2.300635E+0	-8.098205E-1	-4.686578E-1	-6.730845E-2
0.379417	-2.396224E+0	-7.087592E-1	-5.899959E-1	-4.767547E-2
0.379421	-2.401052E+0	-5.796967E-1	-6.875170E-1	-2.514582E-2
0.379425	-2.313831E+0	-4.306793E-1	-7.612210E-1	-1.328757E-3
0.379429	-2.141962E+0	-2.658912E-1	-8.066020E-1	2.023534E-2
0.379433	-1.890275E+0	-9.337847E-2	-8.214072E-1	3.890277E-2
0.379437	-1.566493E+0	8.267468E-2	-8.056365E-1	5.821390E-2
0.379441	-1.185743E+0	2.551875E-1	-7.602554E-1	7.655948E-2
0.379445	-7.621865E-1	4.228727E-1	-6.855858E-1	8.975543E-2
0.379449	-3.067663E-1	5.702813E-1	-5.854900E-1	1.019858E-1
0.379453	1.521948E-1	6.987006E-1	-4.644737E-1	1.074573E-1
0.379457	6.114784E-1	8.004061E-1	-3.260775E-1	1.119632E-1
0.379461	1.046946E+0	8.728231E-1	-1.751289E-1	1.071355E-1
0.379465	1.445079E+0	9.111236E-1	-1.935248E-2	1.032732E-1
0.379469	1.786566E+0	9.169170E-1	1.383551E-1	9.361765E-2
0.379473	2.062074E+0	8.902032E-1	2.899476E-1	7.881245E-2
0.379477	2.259371E+0	8.258325E-1	4.309190E-1	6.271984E-2
0.379481	2.373630E+0	7.315296E-1	5.551542E-1	4.437426E-2
0.379485	2.396803E+0	6.089036E-1	6.597564E-1	2.023534E-2
0.379489	2.332432E+0	4.631043E-1	7.392541E-1	-4.134846E-5
0.379493	2.181482E+0	3.034654E-1	7.907506E-1	-2.063989E-2
0.379497	1.947815E+0	1.315962E-1	8.132803E-1	-4.091657E-2
0.379501	1.643985E+0	-4.188213E-2	8.052339E-1	-5.765289E-2
0.379505	1.274496E+0	-2.150385E-1	7.662897E-1	-7.471105E-2
0.379509	8.567304E-1	-3.814360E-1	6.983787E-1	-9.337847E-2
0.379513	4.116079E-1	-5.365685E-1	6.034321E-1	-1.059307E-1
0.379517	-4.992843E-2	-6.682059E-1	4.869214E-1	-1.130114E-1
0.379521	-5.111422E-1	-7.779572E-1	3.520652E-1	-1.181611E-1
0.379525	-9.536881E-1	-8.580983E-1	2.040130E-1	-1.168737E-1
0.379529	-1.361474E+0	-9.047667E-1	4.855834E-2	-1.117240E-1
0.379533	-1.719694E+0	-9.227904E-1	-1.091492E-1	-1.049651E-1
0.379537	-2.010325E+0	-9.009045E-1	-2.626726E-1	-9.563144E-2
0.379541	-2.226287E+0	-8.465116E-1	-4.068623E-1	-7.664216E-2
0.379545	-2.361464E+0	-7.596117E-1	-5.359248E-1	-5.765289E-2
0.379549	-2.409098E+0	-6.437451E-1	-6.450325E-1	-3.480138E-2
0.379553	-2.365649E+0	-5.043834E-1	-7.303232E-1	-1.098432E-2
0.379557	-2.234012E+0	-3.447449E-1	-7.895439E-1	9.292365E-3
0.379561	-2.019337E+0	-1.754507E-1	-8.181887E-1	3.117832E-2
0.379565	-1.728062E+0	-3.632007E-4	-8.169013E-1	4.952389E-2
0.379569	-1.372738E+0	1.747244E-1	-7.856817E-1	6.529465E-2
0.379573	-9.659185E-1	3.453062E-1	-7.242080E-1	8.299653E-2
0.379577	-5.220852E-1	5.026922E-1	-6.353770E-1	9.619247E-2
0.379581	-6.408993E-2	6.388359E-1	-5.227289E-1	1.058480E-1
0.379585	3.980901E-1	7.572778E-1	-3.923789E-1	1.109977E-1
0.379589	8.480404E-1	8.422471E-1	-2.472237E-1	1.129288E-1
0.379593	1.263553E+0	8.985714E-1	-9.305662E-2	1.064917E-1
0.379597	1.632720E+0	9.194918E-1	6.497280E-2	9.876729E-2
0.379601	1.940735E+0	9.056521E-1	2.201056E-1	8.878987E-2
0.379605	2.175689E+0	8.583397E-1	3.671922E-1	7.108799E-2
0.379609	2.331467E+0	7.794857E-1	4.991518E-1	5.274242E-2
0.379613	2.397769E+0	6.716649E-1	6.140533E-1	3.310943E-2
0.379617	2.375561E+0	5.339119E-1	7.044939E-1	1.025792E-2
0.379621	2.263233E+0	3.810319E-1	7.701520E-1	-1.227173E-2
0.379625	2.068189E+0	2.136686E-1	8.071651E-1	-3.126101E-2
0.379629	1.792360E+0	4.115574E-2	8.129584E-1	-4.896288E-2
0.379633	1.454413E+0	-1.355411E-1	7.884976E-1	-6.666475E-2
0.379637	1.056923E+0	-3.048352E-1	7.337826E-1	-8.372291E-2
0.379641	6.220996E-1	-4.676923E-1	6.513882E-1	-1.014248E-1
0.379645	1.650689E-1	-6.080196E-1	5.442112E-1	-1.091492E-1
0.379649	-2.971108E-1	-7.280703E-1	4.174012E-1	-1.168737E-1
0.379653	-7.499562E-1	-8.252694E-1	2.754643E-1	-1.165518E-1
0.379657	-1.178340E+0	-8.864212E-1	1.222625E-1	-1.168737E-1
0.379661	-1.559090E+0	-9.150660E-1	-3.576694E-2	-1.101148E-1
0.379665	-1.883194E+0	-9.144223E-1	-1.918652E-1	-9.820625E-2
0.379669	-2.138100E+0	-8.741908E-1	-3.412045E-1	-8.533217E-2
0.379673	-2.310612E+0	-8.053146E-1	-4.770260E-1	-6.634289E-2
0.379677	-2.397834E+0	-7.007129E-1	-5.967548E-1	-4.735362E-2
0.379681	-2.396224E+0	-5.703630E-1	-6.936321E-1	-2.482397E-2
0.379685	-2.305462E+0	-4.210238E-1	-7.647613E-1	-1.328757E-3
0.379689	-2.128445E+0	-2.543045E-1	-8.082113E-1	2.184460E-2
0.379693	-1.871929E+0	-8.179180E-2	-8.217290E-1	3.890277E-2
0.379697	-1.545251E+0	9.393951E-2	-8.040272E-1	5.853576E-2
0.379701	-1.163213E+0	2.670961E-1	-7.560713E-1	7.591578E-2
0.379705	-7.345073E-1	4.334939E-1	-6.797925E-1	9.200839E-2
0.379709	-2.800526E-1	5.815461E-1	-5.780874E-1	9.973285E-2
0.379713	1.827708E-1	7.048158E-1	-4.561056E-1	1.084229E-1
0.379717	6.407671E-1	8.042684E-1	-3.167438E-1	1.109977E-1
0.379721	1.073660E+0	8.753979E-1	-1.657952E-1	1.097103E-1
0.379725	1.468252E+0	9.114455E-1	-8.409505E-3	1.032732E-1
0.379729	1.804912E+0	9.159514E-1	1.480107E-1	9.265210E-2
0.379733	2.076879E+0	8.879502E-1	2.999250E-1	7.945615E-2
0.379737	2.268705E+0	8.193955E-1	4.392872E-1	5.982317E-2
0.379741	2.376848E+0	7.221959E-1	5.632005E-1	4.083388E-2
0.379745	2.398091E+0	6.002136E-1	6.649060E-1	2.184460E-2
0.379749	2.326639E+0	4.544143E-1	7.431163E-1	-1.328757E-3
0.379753	2.170861E+0	2.934880E-1	7.933254E-1	-2.385841E-2
0.379757	1.930757E+0	1.225844E-1	8.142458E-1	-4.123843E-2
0.379761	1.621133E+0	-5.185955E-2	8.033028E-1	-5.861844E-2
0.379765	1.250357E+0	-2.250160E-1	7.627493E-1	-7.792957E-2
0.379769	8.303385E-1	-3.933445E-1	6.932291E-1	-9.209106E-2
0.379773	3.810319E-1	-5.459022E-1	5.969951E-1	-1.039996E-1
0.379777	-7.921698E-2	-6.759303E-1	4.791969E-1	-1.123677E-1
0.379781	-5.413963E-1	-7.827850E-1	3.430533E-1	-1.175174E-1
0.379785	-9.836203E-1	-8.606731E-1	1.950011E-1	-1.168737E-1
0.379789	-1.386256E+0	-9.079852E-1	3.858092E-2	-1.126896E-1
0.379793	-1.739005E+0	-9.218248E-1	-1.194485E-1	-1.036777E-1
0.379797	-2.028027E+0	-8.976860E-1	-2.723282E-1	-9.209106E-2
0.379801	-2.239483E+0	-8.403964E-1	-4.149086E-1	-7.438920E-2
0.379805	-2.366292E+0	-7.505999E-1	-5.426837E-1	-5.475622E-2
0.379809	-2.407811E+0	-6.340896E-1	-6.511477E-1	-3.287027E-2
0.379813	-2.358568E+0	-4.921530E-1	-7.345073E-1	-1.162803E-2
0.379817	-2.222747E+0	-3.318708E-1	-7.914750E-1	1.122348E-2
0.379821	-2.001957E+0	-1.641859E-1	-8.188324E-1	3.117832E-2
0.379825	-1.705854E+0	1.186718E-2	-8.156139E-1	4.791463E-2
0.379829	-1.347312E+0	1.875985E-1	-7.814976E-1	6.883503E-2
0.379833	-9.392048E-1	3.565711E-1	-7.187366E-1	8.524949E-2
0.379837	-4.956934E-1	5.139570E-1	-6.279744E-1	9.683618E-2
0.379841	-3.415768E-2	6.484915E-1	-5.156482E-1	1.064917E-1
0.379845	4.270568E-1	7.627493E-1	-3.830452E-1	1.106758E-1
0.379849	8.744324E-1	8.451437E-1	-2.375682E-1	1.113195E-1
0.379853	1.288014E+0	8.992151E-1	-8.275735E-2	1.061699E-1
0.379857	1.654928E+0	9.165951E-1	7.462837E-2	9.715803E-2
0.379861	1.957471E+0	9.043647E-1	2.294394E-1	8.685876E-2
0.379865	2.188241E+0	8.547993E-1	3.755604E-1	7.076614E-2
0.379869	2.337582E+0	7.730486E-1	5.075200E-1	5.016760E-2
0.379873	2.399056E+0	6.597564E-1	6.204903E-1	3.021276E-2
0.379877	2.367836E+0	5.242563E-1	7.102873E-1	9.292365E-3
0.379881	2.252612E+0	3.704107E-1	7.740142E-1	-1.323729E-2
0.379885	2.053384E+0	2.024037E-1	8.078088E-1	-3.254842E-2
0.379889	1.774014E+0	2.892535E-2	8.119929E-1	-5.185955E-2
0.379893	1.429308E+0	-1.458404E-1	7.862446E-1	-6.730845E-2
0.379897	1.029566E+0	-3.151345E-1	7.292766E-1	-8.372291E-2
0.379901	5.937765E-1	-4.763823E-1	6.455948E-1	-1.004592E-1
0.379905	1.348147E-1	-6.154222E-1	5.368086E-1	-1.081837E-1
0.379909	-3.260775E-1	-7.367602E-1	4.087112E-1	-1.165518E-1
0.379913	-7.789228E-1	-8.300972E-1	2.651650E-1	-1.168737E-1
0.379917	-1.201514E+0	-8.899616E-1	1.119632E-1	-1.152644E-1
0.379921	-1.580976E+0	-9.182845E-1	-4.542250E-2	-1.097929E-1
0.379925	-1.900896E+0	-9.134567E-1	-2.011989E-1	-9.756255E-2
0.379929	-2.150009E+0	-8.725816E-1	-3.498945E-1	-8.307920E-2
0.379933	-2.319946E+0	-7.963028E-1	-4.857160E-1	-6.634289E-2
0.379937	-2.398799E+0	-6.936321E-1	-6.031918E-1	-4.091657E-2
0.379941	-2.391397E+0	-5.636041E-1	-6.984599E-1	-2.353656E-2
0.379945	-2.298382E+0	-4.123338E-1	-7.686235E-1	-4.134846E-5
0.379949	-2.115249E+0	-2.443271E-1	-8.101424E-1	2.152275E-2
0.379953	-1.854871E+0	-6.988327E-2	-8.210853E-1	4.147759E-2
0.379957	-1.522399E+0	1.052043E-1	-8.017743E-1	5.853576E-2
0.379961	-1.134890E+0	2.773954E-1	-7.522091E-1	7.591578E-2
0.379965	-7.048969E-1	4.405746E-1	-6.739992E-1	9.265210E-2
0.379969	-2.488330E-1	5.876613E-1	-5.710067E-1	1.013421E-1
0.379973	2.117375E-1	7.115747E-1	-4.470938E-1	1.109977E-1
0.379977	6.690901E-1	8.110273E-1	-3.077319E-1	1.100321E-1
0.379981	1.099730E+0	8.782946E-1	-1.561396E-1	1.087447E-1
0.379985	1.488851E+0	9.133766E-1	9.242081E-4	1.013421E-1
0.379989	1.826154E+0	9.162733E-1	1.579881E-1	9.072098E-2
0.379993	2.090075E+0	8.831224E-1	3.089369E-1	7.495022E-2
0.379997	2.277395E+0	8.142458E-1	4.470117E-1	6.014502E-2
0.380001	2.380389E+0	7.180118E-1	5.699594E-1	3.922462E-2
0.380005	2.393585E+0	5.934547E-1	6.706994E-1	1.991349E-2
0.380009	2.318271E+0	4.454024E-1	7.473004E-1	-2.616166E-3
0.380013	2.157343E+0	2.793265E-1	7.949346E-1	-2.353656E-2
0.380017	1.912733E+0	1.106758E-1	8.132803E-1	-4.188213E-2
0.380021	1.598281E+0	-6.183696E-2	8.020154E-1	-6.054956E-2
0.380025	1.223643E+0	-2.372463E-1	7.592090E-1	-7.825142E-2
0.380029	8.026591E-1	-4.026782E-1	6.877576E-1	-9.370032E-2
0.380033	3.520652E-1	-5.542704E-1	5.895924E-1	-1.049651E-1
0.380037	-1.091492E-1	-6.826892E-1	4.711506E-1	-1.123677E-1
0.380041	-5.684319E-1	-7.898657E-1	3.340414E-1	-1.184829E-1
0.380045	-1.010012E+0	-8.626042E-1	1.850237E-1	-1.168737E-1
0.380049	-1.411039E+0	-9.095945E-1	2.892535E-2	-1.126896E-1
0.380053	-1.756707E+0	-9.186063E-1	-1.287822E-1	-1.036777E-1
0.380057	-2.042188E+0	-8.957549E-1	-2.819838E-1	-9.048180E-2
0.380061	-2.246886E+0	-8.378216E-1	-4.239204E-1	-7.310179E-2
0.380065	-2.372086E+0	-7.467376E-1	-5.504082E-1	-5.572177E-2
0.380069	-2.408777E+0	-6.253996E-1	-6.569411E-1	-3.287027E-2
0.380073	-2.354706E+0	-4.844286E-1	-7.390132E-1	-1.130618E-2
0.380077	-2.211482E+0	-3.235026E-1	-7.943717E-1	1.186718E-2
0.380081	-1.986508E+0	-1.561396E-1	-8.191542E-1	3.150017E-2
0.380085	-1.685578E+0	2.216645E-2	-8.149702E-1	5.081130E-2
0.380089	-1.324461E+0	1.985415E-1	-7.789228E-1	6.786947E-2
0.380093	-9.128130E-1	3.662267E-1	-7.142306E-1	8.750246E-2
0.380097	-4.657612E-1	5.197504E-1	-6.221811E-1	9.973285E-2
0.380101	-4.547279E-3	6.552504E-1	-5.079237E-1	1.052043E-1
0.380105	4.560236E-1	7.701520E-1	-3.743552E-1	1.116414E-1
0.380109	9.027555E-1	8.490060E-1	-2.279126E-1	1.103540E-1
0.380113	1.314406E+0	8.988932E-1	-7.310179E-2	1.042388E-1
0.380117	1.675848E+0	9.185263E-1	8.428394E-2	9.619247E-2
0.380121	1.973564E+0	9.024336E-1	2.387731E-1	8.396209E-2
0.380125	2.201115E+0	8.502934E-1	3.842504E-1	6.851318E-2
0.380129	2.344019E+0	7.688645E-1	5.152445E-1	5.177686E-2
0.380133	2.399700E+0	6.526756E-1	6.262837E-1	2.956905E-2
0.380137	2.365583E+0	5.171756E-1	7.147932E-1	5.751991E-3
0.380141	2.243600E+0	3.607552E-1	7.759453E-1	-1.484655E-2
0.380145	2.037613E+0	1.940356E-1	8.087743E-1	-3.383583E-2
0.380149	1.753415E+0	1.733867E-2	8.110273E-1	-5.185955E-2
0.380153	1.406778E+0	-1.542085E-1	7.830261E-1	-7.117068E-2
0.380157	1.003496E+0	-3.260775E-1	7.247707E-1	-8.758513E-2
0.380161	5.651316E-1	-4.824974E-1	6.381922E-1	-1.033559E-1
0.380165	1.068136E-1	-6.231466E-1	5.294060E-1	-1.101148E-1
0.380169	-3.544004E-1	-7.422317E-1	4.000212E-1	-1.178392E-1
0.380173	-8.049928E-1	-8.352468E-1	2.558313E-1	-1.191266E-1
0.380177	-1.228549E+0	-8.912490E-1	1.023077E-1	-1.146207E-1
0.380181	-1.601896E+0	-9.205374E-1	-5.507807E-2	-1.101148E-1
0.380185	-1.919885E+0	-9.092726E-1	-2.118200E-1	-9.659699E-2
0.380189	-2.162561E+0	-8.677538E-1	-3.589064E-1	-8.275735E-2
0.380193	-2.326383E+0	-7.892220E-1	-4.934404E-1	-6.312437E-2
0.380197	-2.403949E+0	-6.865514E-1	-6.099507E-1	-4.574436E-2
0.380201	-2.392040E+0	-5.536267E-1	-7.045751E-1	-1.999618E-2
0.380205	-2.288726E+0	-3.994597E-1	-7.718421E-1	1.567913E-3
0.380209	-2.101409E+0	-2.330623E-1	-8.117516E-1	2.441942E-2
0.380213	-1.835882E+0	-5.861844E-2	-8.210853E-1	4.147759E-2
0.380217	-1.499548E+0	1.161473E-1	-7.995213E-1	6.046687E-2
0.380221	-1.112039E+0	2.873728E-1	-7.486688E-1	7.720319E-2
0.380225	-6.762521E-1	4.502302E-1	-6.682059E-1	9.200839E-2
0.380229	-2.221193E-1	5.969951E-1	-5.642478E-1	1.019858E-1
0.380233	2.403823E-1	7.189773E-1	-4.390475E-1	1.090666E-1
0.380237	6.958039E-1	8.161769E-1	-2.974326E-1	1.093884E-1
0.380241	1.127731E+0	8.815131E-1	-1.464841E-1	1.068136E-1
0.380245	1.513956E+0	9.146640E-1	1.122348E-2	1.019858E-1
0.380249	1.844178E+0	9.136985E-1	1.676437E-1	8.911172E-2
0.380253	2.104559E+0	8.799039E-1	3.173051E-1	7.527207E-2
0.380257	2.286729E+0	8.107054E-1	4.557017E-1	6.046687E-2
0.380261	2.384895E+0	7.115747E-1	5.773620E-1	4.051203E-2
0.380265	2.391975E+0	5.837991E-1	6.764927E-1	1.766052E-2
0.380269	2.310868E+0	4.347813E-1	7.511626E-1	-6.478392E-3
0.380273	2.145112E+0	2.722457E-1	7.975095E-1	-2.418026E-2
0.380277	1.897284E+0	9.973285E-2	8.136021E-1	-4.220398E-2
0.380281	1.577039E+0	-7.342364E-2	8.000843E-1	-5.958400E-2
0.380285	1.196286E+0	-2.485111E-1	7.563123E-1	-8.050439E-2
0.380289	7.753016E-1	-4.126556E-1	6.826079E-1	-9.466588E-2
0.380293	3.227766E-1	-5.626385E-1	5.831554E-1	-1.043214E-1
0.380297	-1.397252E-1	-6.910573E-1	4.624606E-1	-1.152644E-1
0.380301	-5.980422E-1	-7.953372E-1	3.247077E-1	-1.181611E-1
0.380305	-1.036404E+0	-8.690412E-1	1.744026E-1	-1.184829E-1
0.380309	-1.432281E+0	-9.095945E-1	1.894793E-2	-1.120459E-1
0.380313	-1.777305E+0	-9.195719E-1	-1.390815E-1	-1.011029E-1
0.380317	-2.056028E+0	-8.918927E-1	-2.916393E-1	-8.919439E-2
0.380321	-2.261369E+0	-8.310627E-1	-4.326104E-1	-7.342364E-2
0.380325	-2.377557E+0	-7.399788E-1	-5.581326E-1	-5.314696E-2
0.380329	-2.409098E+0	-6.167096E-1	-6.633781E-1	-2.965175E-2
0.380333	-2.346659E+0	-4.725200E-1	-7.431973E-1	-9.696914E-3
0.380337	-2.197964E+0	-3.141689E-1	-7.966246E-1	1.508571E-2
0.380341	-1.970738E+0	-1.429437E-1	-8.197979E-1	3.246572E-2
0.380345	-1.665623E+0	3.407499E-2	-8.136828E-1	5.177686E-2
0.380349	-1.300322E+0	2.117375E-1	-7.760261E-1	6.980059E-2
0.380353	-8.841682E-1	3.784571E-1	-7.094029E-1	8.492764E-2
0.380357	-4.364726E-1	5.303715E-1	-6.154222E-1	9.908914E-2
0.380361	2.924720E-2	6.639405E-1	-4.998774E-1	1.055262E-1
0.380365	4.853121E-1	7.743360E-1	-3.653434E-1	1.109977E-1
0.380369	9.278600E-1	8.535119E-1	-2.185789E-1	1.116414E-1
0.380373	1.338223E+0	9.011462E-1	-6.248067E-2	1.052043E-1
0.380377	1.697734E+0	9.201355E-1	9.490506E-2	9.554877E-2
0.380381	1.989656E+0	9.001806E-1	2.487505E-1	8.428394E-2
0.380385	2.211093E+0	8.467530E-1	3.929404E-1	6.819132E-2
0.380389	2.349169E+0	7.604964E-1	5.226471E-1	4.952389E-2
0.380393	2.400666E+0	6.446293E-1	6.323989E-1	2.506312E-2
0.380397	2.360434E+0	5.055889E-1	7.192992E-1	4.786434E-3
0.380401	2.231691E+0	3.491685E-1	7.788420E-1	-1.452470E-2
0.380405	2.022164E+0	1.811615E-1	8.107054E-1	-3.576694E-2
0.380409	1.733138E+0	8.004956E-3	8.100617E-1	-5.314696E-2
0.380413	1.381352E+0	-1.661170E-1	7.801294E-1	-7.117068E-2
0.380417	9.767817E-1	-3.379860E-1	7.199429E-1	-8.758513E-2
0.380421	5.358430E-1	-4.940841E-1	6.327207E-1	-1.017466E-1
0.380425	7.816874E-2	-6.324803E-1	5.216815E-1	-1.104366E-1
0.380429	-3.833671E-1	-7.489906E-1	3.913312E-1	-1.165518E-1
0.380433	-8.333157E-1	-8.378216E-1	2.464975E-1	-1.191266E-1
0.380437	-1.253010E+0	-8.963986E-1	9.233024E-2	-1.155863E-1
0.380441	-1.625070E+0	-9.182845E-1	-6.537734E-2	-1.085055E-1
0.380445	-1.937265E+0	-9.073415E-1	-2.205100E-1	-9.659699E-2
0.380449	-2.175435E+0	-8.651790E-1	-3.679182E-1	-8.146994E-2
0.380453	-2.335716E+0	-7.853598E-1	-5.018085E-1	-6.312437E-2
0.380457	-2.405558E+0	-6.772177E-1	-6.167096E-1	-4.252584E-2
0.380461	-2.385603E+0	-5.430056E-1	-7.090810E-1	-1.903063E-2
0.380465	-2.276818E+0	-3.917352E-1	-7.757043E-1	2.855321E-3
0.380469	-2.084351E+0	-2.221193E-1	-8.127172E-1	2.570683E-2
0.380473	-1.814640E+0	-4.864103E-2	-8.204416E-1	4.340870E-2
0.380477	-1.474765E+0	1.283777E-1	-7.972683E-1	6.078872E-2
0.380481	-1.083716E+0	2.986376E-1	-7.441628E-1	7.784689E-2
0.380485	-6.482511E-1	4.611732E-1	-6.620907E-1	9.458321E-2
0.380489	-1.931526E-1	6.047195E-1	-5.571670E-1	1.029514E-1
0.380493	2.709583E-1	7.279892E-1	-4.303575E-1	1.113195E-1
0.380497	7.228396E-1	8.216484E-1	-2.887426E-1	1.116414E-1
0.380501	1.154445E+0	8.853754E-1	-1.361848E-1	1.071355E-1
0.380505	1.535198E+0	9.159514E-1	2.087904E-2	1.013421E-1
0.380509	1.862846E+0	9.120892E-1	1.772993E-1	9.072098E-2
0.380513	2.118077E+0	8.750761E-1	3.269607E-1	7.559393E-2
0.380517	2.294775E+0	8.033028E-1	4.640699E-1	5.885761E-2
0.380521	2.389401E+0	7.041721E-1	5.841209E-1	3.825906E-2
0.380525	2.391010E+0	5.738217E-1	6.816424E-1	1.637311E-2
0.380529	2.302500E+0	4.248038E-1	7.550249E-1	-5.190984E-3
0.380533	2.129020E+0	2.606590E-1	7.991187E-1	-2.514582E-2
0.380537	1.878295E+0	8.943357E-2	8.139240E-1	-4.316954E-2
0.380541	1.553865E+0	-8.436661E-2	7.981532E-1	-6.215882E-2
0.380545	1.172790E+0	-2.591323E-1	7.514845E-1	-8.082624E-2
0.380549	7.473004E-1	-4.213456E-1	6.768146E-1	-9.498773E-2
0.380553	2.928443E-1	-5.726159E-1	5.767183E-1	-1.052870E-1
0.380557	-1.680482E-1	-6.978162E-1	4.540924E-1	-1.136552E-1
0.380561	-6.282963E-1	-7.998431E-1	3.150521E-1	-1.178392E-1
0.380565	-1.062796E+0	-8.732253E-1	1.650689E-1	-1.146207E-1
0.380569	-1.457707E+0	-9.121693E-1	8.970513E-3	-1.133333E-1
0.380573	-1.799835E+0	-9.189282E-1	-1.484152E-1	-1.020685E-1
0.380577	-2.072764E+0	-8.922145E-1	-3.006512E-1	-8.790699E-2
0.380581	-2.269737E+0	-8.259131E-1	-4.413004E-1	-7.374549E-2
0.380585	-2.383994E+0	-7.316106E-1	-5.648915E-1	-5.185955E-2
0.380589	-2.405236E+0	-6.109163E-1	-6.691714E-1	-2.932990E-2
0.380593	-2.338291E+0	-4.638300E-1	-7.480250E-1	-8.731358E-3
0.380597	-2.189274E+0	-3.032260E-1	-7.991994E-1	1.315459E-2
0.380601	-1.951748E+0	-1.284603E-1	-8.204416E-1	3.632795E-2
0.380605	-1.644381E+0	4.501796E-2	-8.117516E-1	5.338612E-2
0.380609	-1.275861E+0	2.188182E-1	-7.724858E-1	7.269726E-2
0.380613	-8.571327E-1	3.871471E-1	-7.036095E-1	8.685876E-2
0.380617	-4.075060E-1	5.409927E-1	-6.089852E-1	9.812359E-2
0.380621	5.338612E-2	6.723086E-1	-4.918311E-1	1.071355E-1
0.380625	5.133133E-1	7.807731E-1	-3.563315E-1	1.100321E-1
0.380629	9.571487E-1	8.580179E-1	-2.086015E-1	1.106758E-1
0.380633	1.364937E+0	9.072614E-1	-5.282510E-2	1.023077E-1
0.380637	1.718011E+0	9.191700E-1	1.048825E-1	9.587062E-2
0.380641	2.008646E+0	8.988932E-1	2.577624E-1	8.364023E-2
0.380645	2.223645E+0	8.409596E-1	4.019523E-1	6.754762E-2
0.380649	2.357537E+0	7.521282E-1	5.300497E-1	4.920204E-2
0.380653	2.400987E+0	6.385141E-1	6.391578E-1	2.570683E-2
0.380657	2.355928E+0	4.968988E-1	7.241270E-1	4.786434E-3
0.380661	2.223001E+0	3.398348E-1	7.820605E-1	-1.709951E-2
0.380665	2.005749E+0	1.689311E-1	8.107054E-1	-3.576694E-2
0.380669	1.713183E+0	-3.581723E-3	8.097399E-1	-5.443436E-2
0.380673	1.358178E+0	-1.802785E-1	7.772327E-1	-7.245808E-2
0.380677	9.494242E-1	-3.486071E-1	7.157588E-1	-8.983810E-2
0.380681	5.068763E-1	-5.053489E-1	6.266055E-1	-1.011029E-1
0.380685	4.920204E-2	-6.411703E-1	5.149226E-1	-1.101148E-1
0.380689	-4.126556E-1	-7.560713E-1	3.819974E-1	-1.181611E-1
0.380693	-8.606731E-1	-8.432931E-1	2.368420E-1	-1.188048E-1
0.380697	-1.276827E+0	-8.967204E-1	8.267468E-2	-1.139770E-1
0.380701	-1.646634E+0	-9.195719E-1	-7.503290E-2	-1.085055E-1
0.380705	-1.954001E+0	-9.070197E-1	-2.301656E-1	-9.563144E-2
0.380709	-2.187343E+0	-8.584201E-1	-3.769301E-1	-8.082624E-2
0.380713	-2.341832E+0	-7.795665E-1	-5.092111E-1	-5.990585E-2
0.380717	-2.407167E+0	-6.711025E-1	-6.231466E-1	-3.898546E-2
0.380721	-2.379810E+0	-5.365685E-1	-7.139088E-1	-1.581211E-2
0.380725	-2.267806E+0	-3.798267E-1	-7.776354E-1	6.395695E-3
0.380729	-2.070511E+0	-2.131074E-1	-8.143265E-1	2.731609E-2
0.380733	-1.793398E+0	-3.801991E-2	-8.194761E-1	4.405241E-2
0.380737	-1.453845E+0	1.380333E-1	-7.940498E-1	6.143243E-2
0.380741	-1.056359E+0	3.121554E-1	-7.390132E-1	7.688134E-2
0.380745	-6.208937E-1	4.727599E-1	-6.559755E-1	9.458321E-2
0.380749	-1.625767E-1	6.108347E-1	-5.484770E-1	1.023077E-1
0.380753	3.005687E-1	7.337826E-1	-4.219893E-1	1.126069E-1
0.380757	7.534156E-1	8.267981E-1	-2.790871E-1	1.090666E-1
0.380761	1.179549E+0	8.882721E-1	-1.265292E-1	1.081010E-1
0.380765	1.559337E+0	9.159514E-1	3.117832E-2	1.023077E-1
0.380769	1.880870E+0	9.114455E-1	1.875985E-1	9.136469E-2
0.380773	2.133847E+0	8.715357E-1	3.366162E-1	7.462837E-2
0.380777	2.304109E+0	7.984750E-1	4.727599E-1	5.724835E-2
0.380781	2.390366E+0	6.964476E-1	5.908799E-1	3.825906E-2
0.380785	2.388435E+0	5.638442E-1	6.877576E-1	1.508571E-2
0.380789	2.294775E+0	4.154701E-1	7.588871E-1	-6.478392E-3
0.380793	2.116467E+0	2.490723E-1	8.010499E-1	-2.804249E-2
0.380797	1.859949E+0	7.623763E-2	8.142458E-1	-4.510065E-2
0.380801	1.531658E+0	-9.659699E-2	7.965439E-1	-6.344622E-2
0.380805	1.146720E+0	-2.700752E-1	7.485878E-1	-8.050439E-2
0.380809	7.205866E-1	-4.338978E-1	6.713431E-1	-9.595329E-2
0.380813	2.635557E-1	-5.813059E-1	5.686720E-1	-1.056089E-1
0.380817	-1.957274E-1	-7.058625E-1	4.460461E-1	-1.149426E-1
0.380821	-6.550099E-1	-8.043491E-1	3.063621E-1	-1.168737E-1
0.380825	-1.087256E+0	-8.764438E-1	1.554133E-1	-1.149426E-1
0.380829	-1.478949E+0	-9.131349E-1	-1.006905E-3	-1.094711E-1
0.380833	-1.818824E+0	-9.179626E-1	-1.583926E-1	-1.004592E-1
0.380837	-2.089179E+0	-8.873867E-1	-3.093412E-1	-8.822884E-2
0.380841	-2.281002E+0	-8.210853E-1	-4.493467E-1	-7.052697E-2
0.380845	-2.386891E+0	-7.222769E-1	-5.726159E-1	-5.218140E-2
0.380849	-2.403949E+0	-6.009389E-1	-6.743210E-1	-2.836434E-2
0.380853	-2.334429E+0	-4.538526E-1	-7.515654E-1	-6.478392E-3
0.380857	-2.174791E+0	-2.903519E-1	-8.011305E-1	1.605126E-2
0.380861	-1.932759E+0	-1.200922E-1	-8.204416E-1	3.664980E-2
0.380865	-1.621529E+0	5.628279E-2	-8.104642E-1	5.435168E-2
0.380869	-1.249469E+0	2.310486E-1	-7.689454E-1	7.205355E-2
0.380873	-8.288098E-1	3.974464E-1	-6.981381E-1	8.846802E-2
0.380877	-3.775738E-1	5.509701E-1	-6.019044E-1	9.715803E-2
0.380881	8.106541E-2	6.793894E-1	-4.834630E-1	1.071355E-1
0.380885	5.432456E-1	7.875320E-1	-3.469978E-1	1.122851E-1
0.380889	9.819314E-1	8.612364E-1	-1.989459E-1	1.106758E-1
0.380893	1.388432E+0	9.062958E-1	-4.284769E-2	1.039169E-1
0.380897	1.738610E+0	9.172388E-1	1.148599E-1	9.136469E-2
0.380901	2.023451E+0	8.943873E-1	2.677398E-1	8.396209E-2
0.380905	2.233623E+0	8.361318E-1	4.106423E-1	6.658206E-2
0.380909	2.362365E+0	7.489097E-1	5.380960E-1	4.566167E-2
0.380913	2.398413E+0	6.285366E-1	6.449511E-1	2.538498E-2
0.380917	2.349812E+0	4.865996E-1	7.283111E-1	2.855321E-3
0.380921	2.212058E+0	3.292136E-1	7.852790E-1	-1.870878E-2
0.380925	1.988047E+0	1.586318E-1	8.119929E-1	-3.608879E-2
0.380929	1.691619E+0	-1.355914E-2	8.084525E-1	-5.733103E-2
0.380933	1.333395E+0	-1.931526E-1	7.740142E-1	-7.342364E-2
0.380937	9.223885E-1	-3.576189E-1	7.099654E-1	-8.919439E-2
0.380941	4.808062E-1	-5.124297E-1	6.201685E-1	-1.030340E-1
0.380945	2.087904E-2	-6.479292E-1	5.062326E-1	-1.123677E-1
0.380949	-4.409786E-1	-7.628302E-1	3.742730E-1	-1.165518E-1
0.380953	-8.899616E-1	-8.471553E-1	2.271864E-1	-1.178392E-1
0.380957	-1.304828E+0	-8.986515E-1	7.301911E-2	-1.159081E-1
0.380961	-1.666910E+0	-9.163534E-1	-8.533217E-2	-1.078618E-1
0.380965	-1.969128E+0	-9.044449E-1	-2.394993E-1	-9.466588E-2
0.380969	-2.201826E+0	-8.564890E-1	-3.856201E-1	-7.825142E-2
0.380973	-2.349556E+0	-7.747387E-1	-5.175793E-1	-5.990585E-2
0.380977	-2.410386E+0	-6.598377E-1	-6.295837E-1	-3.962917E-2
0.380981	-2.376270E+0	-5.269130E-1	-7.190584E-1	-1.581211E-2
0.380985	-2.259760E+0	-3.695275E-1	-7.818195E-1	5.751991E-3
0.380989	-2.053775E+0	-1.989459E-1	-8.152920E-1	2.828165E-2
0.380993	-1.774409E+0	-2.546767E-2	-8.188324E-1	4.630537E-2
0.380997	-1.430028E+0	1.476888E-1	-7.917969E-1	6.465095E-2
0.381001	-1.028358E+0	3.198799E-1	-7.348291E-1	7.881245E-2
0.381005	-5.925707E-1	4.804844E-1	-6.498603E-1	9.458321E-2
0.381009	-1.313570E-1	6.201685E-1	-5.417182E-1	1.052043E-1
0.381013	3.301792E-1	7.402196E-1	-4.129775E-1	1.097103E-1
0.381017	7.823824E-1	8.325915E-1	-2.694315E-1	1.100321E-1
0.381021	1.203367E+0	8.908469E-1	-1.162300E-1	1.090666E-1
0.381025	1.582189E+0	9.175607E-1	4.179944E-2	9.941100E-2
0.381029	1.898572E+0	9.098362E-1	1.966104E-1	9.007728E-2
0.381033	2.145434E+0	8.689609E-1	3.453062E-1	7.591578E-2
0.381037	2.315052E+0	7.923598E-1	4.804844E-1	5.338612E-2
0.381041	2.394228E+0	6.884013E-1	5.979606E-1	3.471869E-2
0.381045	2.385538E+0	5.545105E-1	6.929072E-1	1.283274E-2
0.381049	2.285441E+0	4.048490E-1	7.621056E-1	-8.087653E-3
0.381053	2.101984E+0	2.390949E-1	8.026591E-1	-2.675508E-2
0.381057	1.839994E+0	6.786947E-2	8.142458E-1	-4.767547E-2
0.381061	1.510415E+0	-1.075400E-1	7.939691E-1	-6.602104E-2
0.381065	1.119363E+0	-2.806963E-1	7.440819E-1	-8.243550E-2
0.381069	6.896887E-1	-4.432315E-1	6.655497E-1	-9.691884E-2
0.381073	2.358764E-1	-5.896741E-1	5.615913E-1	-1.065744E-1
0.381077	-2.259815E-1	-7.148743E-1	4.376779E-1	-1.149426E-1
0.381081	-6.836547E-1	-8.114298E-1	2.973502E-1	-1.194485E-1
0.381085	-1.115901E+0	-8.793405E-1	1.454359E-1	-1.149426E-1
0.381089	-1.505341E+0	-9.169971E-1	-1.130618E-2	-1.104366E-1
0.381093	-1.838135E+0	-9.160315E-1	-1.683700E-1	-9.949366E-2
0.381097	-2.101731E+0	-8.835245E-1	-3.193186E-1	-8.855069E-2
0.381101	-2.288404E+0	-8.152920E-1	-4.577149E-1	-6.795215E-2
0.381105	-2.389787E+0	-7.190584E-1	-5.796967E-1	-4.992843E-2
0.381109	-2.403627E+0	-5.896741E-1	-6.804362E-1	-2.611138E-2
0.381113	-2.325739E+0	-4.438752E-1	-7.560713E-1	-3.903575E-3
0.381117	-2.160630E+0	-2.797308E-1	-8.037054E-1	1.508571E-2
0.381121	-1.916989E+0	-1.078618E-1	-8.210853E-1	3.697166E-2
0.381125	-1.600609E+0	6.819132E-2	-8.082113E-1	5.724835E-2
0.381129	-1.220825E+0	2.403823E-1	-7.654050E-1	7.495022E-2
0.381133	-8.001650E-1	4.080675E-1	-6.929884E-1	8.782431E-2
0.381137	-3.492508E-1	5.603038E-1	-5.951455E-1	9.876729E-2
0.381141	1.113195E-1	6.880794E-1	-4.750949E-1	1.071355E-1
0.381145	5.725342E-1	7.939691E-1	-3.383078E-1	1.106758E-1
0.381149	1.010898E+0	8.660642E-1	-1.896122E-1	1.093884E-1
0.381153	1.409353E+0	9.104799E-1	-3.287027E-2	1.061699E-1
0.381157	1.757277E+0	9.165951E-1	1.248373E-1	9.297395E-2
0.381161	2.039544E+0	8.905250E-1	2.770735E-1	8.042171E-2
0.381165	2.243922E+0	8.316259E-1	4.190105E-1	6.336354E-2
0.381169	2.366549E+0	7.402196E-1	5.448549E-1	4.373055E-2
0.381173	2.398091E+0	6.224214E-1	6.517101E-1	2.570683E-2
0.381177	2.343053E+0	4.756566E-1	7.324951E-1	3.499026E-3
0.381181	2.199184E+0	3.182706E-1	7.875320E-1	-1.806507E-2
0.381185	1.972276E+0	1.492981E-1	8.126366E-1	-3.801991E-2
0.381189	1.670699E+0	-2.482397E-2	8.071651E-1	-5.765289E-2
0.381193	1.308613E+0	-2.018426E-1	7.707957E-1	-7.374549E-2
0.381197	8.953528E-1	-3.692056E-1	7.054595E-1	-9.112551E-2
0.381201	4.502302E-1	-5.236945E-1	6.127659E-1	-1.046433E-1
0.381205	-9.053210E-3	-6.566192E-1	4.985081E-1	-1.117240E-1
0.381209	-4.699452E-1	-7.686235E-1	3.646174E-1	-1.155863E-1
0.381213	-9.182845E-1	-8.529486E-1	2.178527E-1	-1.184829E-1
0.381217	-1.327036E+0	-9.012264E-1	6.239798E-2	-1.117240E-1
0.381221	-1.689762E+0	-9.205374E-1	-9.530958E-2	-1.075400E-1
0.381225	-1.987152E+0	-9.031575E-1	-2.501204E-1	-9.305662E-2
0.381229	-2.215344E+0	-8.532705E-1	-3.943101E-1	-7.760772E-2
0.381233	-2.353418E+0	-7.676580E-1	-5.256256E-1	-6.183696E-2
0.381237	-2.410064E+0	-6.534007E-1	-6.363426E-1	-3.705435E-2
0.381241	-2.373051E+0	-5.156482E-1	-7.238862E-1	-1.549025E-2
0.381245	-2.248495E+0	-3.585845E-1	-7.847161E-1	6.395695E-3
0.381249	-2.039936E+0	-1.892904E-1	-8.169013E-1	2.860350E-2
0.381253	-1.755741E+0	-1.388099E-2	-8.185105E-1	4.952389E-2
0.381257	-1.407498E+0	1.618503E-1	-7.898657E-1	6.432910E-2
0.381261	-1.004219E+0	3.311447E-1	-7.309669E-1	8.492764E-2
0.381265	-5.636041E-1	4.898181E-1	-6.440670E-1	9.490506E-2
0.381269	-1.039996E-1	6.275711E-1	-5.343156E-1	1.042388E-1
0.381273	3.581804E-1	7.469785E-1	-4.042875E-1	1.090666E-1
0.381277	8.084525E-1	8.370974E-1	-2.604197E-1	1.119632E-1
0.381281	1.228793E+0	8.930999E-1	-1.068963E-1	1.077792E-1
0.381285	1.601178E+0	9.175607E-1	5.081130E-2	1.010203E-1
0.381289	1.916595E+0	9.075832E-1	2.062660E-1	8.718061E-2
0.381293	2.158308E+0	8.647768E-1	3.543181E-1	7.334096E-2
0.381297	2.319558E+0	7.865665E-1	4.885307E-1	5.435168E-2
0.381301	2.396160E+0	6.809987E-1	6.043977E-1	3.504054E-2
0.381305	2.383607E+0	5.477516E-1	6.977350E-1	1.186718E-2
0.381309	2.275464E+0	3.939060E-1	7.653242E-1	-9.375062E-3
0.381313	2.087178E+0	2.278301E-1	8.045902E-1	-2.997360E-2
0.381317	1.820683E+0	5.499538E-2	8.142458E-1	-4.670991E-2
0.381321	1.487564E+0	-1.191266E-1	7.917161E-1	-6.956141E-2
0.381325	1.094580E+0	-2.922830E-1	7.398978E-1	-8.211365E-2
0.381329	6.626531E-1	-4.535308E-1	6.591127E-1	-9.884996E-2
0.381333	2.049786E-1	-5.964329E-1	5.541886E-1	-1.078618E-1
0.381337	-2.562356E-1	-7.190584E-1	4.293098E-1	-1.152644E-1
0.381341	-7.094029E-1	-8.175450E-1	2.876946E-1	-1.162300E-1
0.381345	-1.139718E+0	-8.835245E-1	1.357803E-1	-1.146207E-1
0.381349	-1.525940E+0	-9.157097E-1	-2.063989E-2	-1.117240E-1
0.381353	-1.856159E+0	-9.150660E-1	-1.783474E-1	-1.014248E-1
0.381357	-2.115892E+0	-8.799842E-1	-3.286523E-1	-8.629773E-2
0.381361	-2.297094E+0	-8.111079E-1	-4.664049E-1	-6.730845E-2
0.381365	-2.393971E+0	-7.116558E-1	-5.870992E-1	-4.992843E-2
0.381369	-2.399121E+0	-5.835589E-1	-6.865514E-1	-2.514582E-2
0.381373	-2.318015E+0	-4.342197E-1	-7.596117E-1	-2.616166E-3
0.381377	-2.145503E+0	-2.687878E-1	-8.056365E-1	1.766052E-2
0.381381	-1.896068E+0	-9.659699E-2	-8.217290E-1	4.019018E-2
0.381385	-1.575826E+0	7.784689E-2	-8.066020E-1	5.628279E-2
0.381389	-1.196364E+0	2.513253E-1	-7.612210E-1	7.462837E-2
0.381393	-7.740950E-1	4.196542E-1	-6.878388E-1	8.911172E-2
0.381397	-3.183530E-1	5.670627E-1	-5.880648E-1	1.048825E-1
0.381401	1.415736E-1	6.964476E-1	-4.670486E-1	1.077792E-1
0.381405	6.005354E-1	7.962221E-1	-3.292960E-1	1.100321E-1
0.381409	1.036325E+0	8.718575E-1	-1.793130E-1	1.077792E-1
0.381413	1.435101E+0	9.104799E-1	-2.257100E-2	1.013421E-1
0.381417	1.779485E+0	9.169170E-1	1.341710E-1	9.361765E-2
0.381421	2.054671E+0	8.911687E-1	2.864072E-1	8.138727E-2
0.381425	2.255187E+0	8.274418E-1	4.270568E-1	6.239798E-2
0.381429	2.369446E+0	7.350700E-1	5.529012E-1	4.437426E-2
0.381433	2.398734E+0	6.111566E-1	6.568597E-1	2.152275E-2
0.381437	2.335973E+0	4.685758E-1	7.370011E-1	9.242081E-4
0.381441	2.185022E+0	3.060402E-1	7.897850E-1	-2.063989E-2
0.381445	1.954252E+0	1.377114E-1	8.129584E-1	-4.091657E-2
0.381449	1.649456E+0	-3.576694E-2	8.049121E-1	-5.765289E-2
0.381453	1.283508E+0	-2.114982E-1	7.669334E-1	-7.599846E-2
0.381457	8.676735E-1	-3.782175E-1	7.006317E-1	-9.048180E-2
0.381461	4.209416E-1	-5.336719E-1	6.063288E-1	-1.030340E-1
0.381465	-3.898546E-2	-6.640218E-1	4.901399E-1	-1.123677E-1
0.381469	-4.985900E-1	-7.769917E-1	3.559274E-1	-1.165518E-1
0.381473	-9.459637E-1	-8.548797E-1	2.078752E-1	-1.178392E-1
0.381477	-1.352784E+0	-9.063760E-1	5.209871E-2	-1.126896E-1
0.381481	-1.708751E+0	-9.189282E-1	-1.049651E-1	-1.056089E-1
0.381485	-2.005176E+0	-8.986515E-1	-2.591323E-1	-9.337847E-2
0.381489	-2.224034E+0	-8.461898E-1	-4.033219E-1	-7.857327E-2
0.381493	-2.358890E+0	-7.618647E-1	-5.330282E-1	-5.958400E-2
0.381497	-2.411029E+0	-6.453544E-1	-6.427796E-1	-3.608879E-2
0.381501	-2.368545E+0	-5.069582E-1	-7.287140E-1	-1.420284E-2
0.381505	-2.238839E+0	-3.482852E-1	-7.876128E-1	9.614218E-3
0.381509	-2.023199E+0	-1.783474E-1	-8.178668E-1	2.924720E-2
0.381513	-1.735465E+0	-5.190984E-3	-8.175450E-1	4.662722E-2
0.381517	-1.382716E+0	1.705404E-1	-7.869691E-1	6.658206E-2
0.381521	-9.758959E-1	3.427314E-1	-7.261391E-1	8.299653E-2
0.381525	-5.336719E-1	4.981863E-1	-6.373081E-1	9.747988E-2
0.381529	-7.567661E-2	6.388359E-1	-5.262693E-1	1.048825E-1
0.381533	3.865034E-1	7.521282E-1	-3.952756E-1	1.084229E-1
0.381537	8.396722E-1	8.406378E-1	-2.507641E-1	1.132506E-1
0.381541	1.254219E+0	8.956747E-1	-9.691884E-2	1.068136E-1
0.381545	1.623708E+0	9.185263E-1	6.078872E-2	9.780173E-2
0.381549	1.935585E+0	9.053303E-1	2.159215E-1	8.653690E-2
0.381553	2.173436E+0	8.612364E-1	3.630081E-1	7.301911E-2
0.381557	2.328892E+0	7.827042E-1	4.965770E-1	5.242056E-2
0.381561	2.398413E+0	6.745616E-1	6.114784E-1	3.278758E-2
0.381565	2.377492E+0	5.380960E-1	7.028847E-1	9.936070E-3
0.381569	2.266774E+0	3.842504E-1	7.695082E-1	-1.130618E-2
0.381573	2.073982E+0	2.168871E-1	8.058776E-1	-3.093916E-2
0.381577	1.801693E+0	4.437426E-2	8.129584E-1	-4.928473E-2
0.381581	1.464068E+0	-1.297478E-1	7.897850E-1	-6.988327E-2
0.381585	1.068510E+0	-3.009730E-1	7.353918E-1	-8.436661E-2
0.381589	6.340081E-1	-4.625426E-1	6.536412E-1	-1.001374E-1
0.381593	1.772993E-1	-6.067322E-1	5.471079E-1	-1.078618E-1
0.381597	-2.835930E-1	-7.283921E-1	4.206198E-1	-1.155863E-1
0.381601	-7.409443E-1	-8.233383E-1	2.783609E-1	-1.171955E-1
0.381605	-1.166110E+0	-8.860993E-1	1.261247E-1	-1.142989E-1
0.381609	-1.550078E+0	-9.173189E-1	-3.126101E-2	-1.120459E-1
0.381613	-1.875470E+0	-9.150660E-1	-1.880030E-1	-9.949366E-2
0.381617	-2.131663E+0	-8.790186E-1	-3.376641E-1	-8.565402E-2
0.381621	-2.304819E+0	-8.066020E-1	-4.744512E-1	-6.827401E-2
0.381625	-2.397512E+0	-7.045751E-1	-5.941800E-1	-4.574436E-2
0.381629	-2.398155E+0	-5.745470E-1	-6.907355E-1	-2.418026E-2
0.381633	-2.308681E+0	-4.232767E-1	-7.637958E-1	1.567913E-3
0.381637	-2.133916E+0	-2.604197E-1	-8.072457E-1	1.830423E-2
0.381641	-1.878045E+0	-8.533217E-2	-8.214072E-1	3.858092E-2
0.381645	-1.554906E+0	8.943357E-2	-8.040272E-1	5.853576E-2
0.381649	-1.172225E+0	2.622683E-1	-7.580024E-1	7.398466E-2
0.381653	-7.451284E-1	4.299535E-1	-6.823673E-1	9.039913E-2
0.381657	-2.903519E-1	5.767183E-1	-5.806622E-1	9.973285E-2
0.381661	1.692530E-1	7.032065E-1	-4.593241E-1	1.084229E-1
0.381665	6.304678E-1	8.045902E-1	-3.196404E-1	1.109977E-1
0.381669	1.063360E+0	8.747542E-1	-1.696574E-1	1.116414E-1
0.381673	1.457631E+0	9.114455E-1	-1.291544E-2	1.026295E-1
0.381677	1.797831E+0	9.162733E-1	1.444703E-1	9.104284E-2
0.381681	2.071729E+0	8.866628E-1	2.957410E-1	7.720319E-2
0.381685	2.262590E+0	8.229359E-1	4.357468E-1	6.207613E-2
0.381689	2.375883E+0	7.260581E-1	5.599820E-1	4.276500E-2
0.381693	2.397447E+0	6.027884E-1	6.632968E-1	2.152275E-2
0.381697	2.328892E+0	4.585984E-1	7.415070E-1	-4.134846E-5
0.381701	2.175367E+0	2.970284E-1	7.923598E-1	-2.128359E-2
0.381705	1.937838E+0	1.274121E-1	8.136021E-1	-4.059472E-2
0.381709	1.629179E+0	-4.735362E-2	8.039465E-1	-5.861844E-2
0.381713	1.257116E+0	-2.230848E-1	7.640367E-1	-7.664216E-2
0.381717	8.432126E-1	-3.898041E-1	6.954821E-1	-9.209106E-2
0.381721	3.932623E-1	-5.436493E-1	5.995699E-1	-1.043214E-1
0.381725	-6.763030E-2	-6.736773E-1	4.820936E-1	-1.123677E-1
0.381729	-5.288441E-1	-7.831069E-1	3.462718E-1	-1.175174E-1
0.381733	-9.713900E-1	-8.603512E-1	1.982197E-1	-1.152644E-1
0.381737	-1.377244E+0	-9.073415E-1	4.212129E-2	-1.136552E-1
0.381741	-1.729993E+0	-9.202156E-1	-1.155863E-1	-1.052870E-1
0.381745	-2.022877E+0	-8.976860E-1	-2.684660E-1	-9.112551E-2
0.381749	-2.234655E+0	-8.429712E-1	-4.120119E-1	-7.599846E-2
0.381753	-2.365649E+0	-7.547839E-1	-5.404308E-1	-5.572177E-2
0.381757	-2.409742E+0	-6.385955E-1	-6.488948E-1	-3.512324E-2
0.381761	-2.361464E+0	-4.953715E-1	-7.332199E-1	-9.696914E-3
0.381765	-2.226931E+0	-3.383078E-1	-7.905094E-1	9.614218E-3
0.381769	-2.009682E+0	-1.654733E-1	-8.188324E-1	3.085646E-2
0.381773	-1.714222E+0	6.717548E-3	-8.156139E-1	5.274242E-2
0.381777	-1.358577E+0	1.847019E-1	-7.837506E-1	6.561651E-2
0.381781	-9.485385E-1	3.510996E-1	-7.209895E-1	8.557135E-2
0.381785	-5.043834E-1	5.094511E-1	-6.308711E-1	9.490506E-2
0.381789	-4.638806E-2	6.439856E-1	-5.188667E-1	1.048825E-1
0.381793	4.164357E-1	7.611401E-1	-3.865856E-1	1.103540E-1
0.381797	8.647768E-1	8.438563E-1	-2.407867E-1	1.100321E-1
0.381801	1.277715E+0	8.985714E-1	-8.629773E-2	1.052043E-1
0.381805	1.644950E+0	9.178826E-1	7.076614E-2	9.812359E-2
0.381809	1.951999E+0	9.046866E-1	2.255771E-1	8.653690E-2
0.381813	2.183091E+0	8.564086E-1	3.723419E-1	6.980059E-2
0.381817	2.331145E+0	7.736923E-1	5.043015E-1	4.920204E-2
0.381821	2.398734E+0	6.645842E-1	6.175936E-1	3.182202E-2
0.381825	2.371055E+0	5.284404E-1	7.077125E-1	9.936070E-3
0.381829	2.258405E+0	3.739511E-1	7.720831E-1	-1.388099E-2
0.381833	2.056602E+0	2.059441E-1	8.071651E-1	-3.254842E-2
0.381837	1.782382E+0	3.343128E-2	8.119929E-1	-5.218140E-2
0.381841	1.439929E+0	-1.423000E-1	7.868883E-1	-6.827401E-2
0.381845	1.040831E+0	-3.122378E-1	7.308859E-1	-8.533217E-2
0.381849	6.047195E-1	-4.721982E-1	6.472041E-1	-9.949366E-2
0.381853	1.473670E-1	-6.144566E-1	5.397053E-1	-1.081837E-1
0.381857	-3.164219E-1	-7.338636E-1	4.116079E-1	-1.168737E-1
0.381861	-7.689454E-1	-8.252694E-1	2.693491E-1	-1.181611E-1
0.381865	-1.191536E+0	-8.893179E-1	1.161473E-1	-1.146207E-1
0.381869	-1.571642E+0	-9.160315E-1	-4.123843E-2	-1.085055E-1
0.381873	-1.894459E+0	-9.121693E-1	-1.979804E-1	-9.917181E-2
0.381877	-2.146790E+0	-8.732253E-1	-3.466760E-1	-8.372291E-2
0.381881	-2.314152E+0	-8.008087E-1	-4.828193E-1	-6.408993E-2
0.381885	-2.398477E+0	-6.981381E-1	-6.006170E-1	-4.574436E-2
0.381889	-2.393650E+0	-5.665007E-1	-6.968507E-1	-2.289285E-2
