0.322509	-2.611138E-2	6.204903E-1	-5.516956E-1	-3.093916E-2
0.322513	3.829630E-1	7.118966E-1	-4.290701E-1	-2.482397E-2
0.322517	7.810950E-1	7.859228E-1	-2.942141E-1	-1.742137E-2
0.322521	1.160560E+0	8.374193E-1	-1.516337E-1	-9.375062E-3
0.322525	1.503978E+0	8.644549E-1	-3.581723E-3	-4.134846E-5
0.322529	1.801371E+0	8.663860E-1	1.441485E-1	1.218904E-2
0.322533	2.043406E+0	8.451437E-1	2.876946E-1	1.959164E-2
0.322537	2.232335E+0	7.955783E-1	4.219072E-1	2.763794E-2
0.322541	2.353031E+0	7.228396E-1	5.445331E-1	3.375313E-2
0.322545	2.404528E+0	6.340081E-1	6.513882E-1	4.244314E-2
0.322549	2.385860E+0	5.181411E-1	7.386104E-1	4.727093E-2
0.322553	2.297672E+0	3.913312E-1	8.055558E-1	5.145501E-2
0.322557	2.144469E+0	2.558313E-1	8.486841E-1	5.499538E-2
0.322561	1.925929E+0	1.138943E-1	8.670297E-1	5.789205E-2
0.322565	1.652031E+0	-3.222657E-2	8.596271E-1	5.853576E-2
0.322569	1.330499E+0	-1.767382E-1	8.271200E-1	5.821390E-2
0.322573	9.690572E-1	-3.180312E-1	7.698301E-1	5.145501E-2
0.322577	5.802587E-1	-4.512778E-1	6.896887E-1	4.244314E-2
0.322581	1.760119E-1	-5.693974E-1	5.895924E-1	3.761536E-2
0.322585	-2.346715E-1	-6.707807E-1	4.724380E-1	2.667238E-2
0.322589	-6.389174E-1	-7.576806E-1	3.420877E-1	1.637311E-2
0.322593	-1.026748E+0	-8.178668E-1	2.017600E-1	7.361252E-3
0.322597	-1.383360E+0	-8.542360E-1	5.499538E-2	-1.328757E-3
0.322601	-1.699095E+0	-8.677538E-1	-9.370032E-2	-1.291544E-2
0.322605	-1.964301E+0	-8.542360E-1	-2.401430E-1	-2.450211E-2
0.322609	-2.176078E+0	-8.175450E-1	-3.788612E-1	-3.383583E-2
0.322613	-2.323486E+0	-7.541402E-1	-5.053489E-1	-4.252584E-2
0.322617	-2.399765E+0	-6.714244E-1	-6.189626E-1	-4.670991E-2
0.322621	-2.409098E+0	-5.642478E-1	-7.145525E-1	-5.443436E-2
0.322625	-2.346659E+0	-4.454845E-1	-7.889002E-1	-5.636548E-2
0.322629	-2.219850E+0	-3.099849E-1	-8.416838E-1	-5.861844E-2
0.322633	-2.025130E+0	-1.709448E-1	-8.693631E-1	-6.312437E-2
0.322637	-1.771190E+0	-2.257100E-2	-8.716160E-1	-6.312437E-2
0.322641	-1.467041E+0	1.219407E-1	-8.490864E-1	-6.183696E-2
0.322645	-1.121051E+0	2.661305E-1	-8.011305E-1	-5.668733E-2
0.322649	-7.396569E-1	4.051708E-1	-7.290358E-1	-5.089399E-2
0.322653	-3.366986E-1	5.290841E-1	-6.363426E-1	-4.542250E-2
0.322657	7.012244E-2	6.369048E-1	-5.262693E-1	-3.544509E-2
0.322661	4.808062E-1	7.283111E-1	-4.001034E-1	-2.900804E-2
0.322665	8.737887E-1	7.965439E-1	-2.629945E-1	-1.645581E-2
0.322669	1.244886E+0	8.425689E-1	-1.184829E-1	-6.478392E-3
0.322673	1.576073E+0	8.654205E-1	2.956905E-2	3.177174E-3
0.322677	1.861558E+0	8.625238E-1	1.769774E-1	1.186718E-2
0.322681	2.093937E+0	8.345226E-1	3.185925E-1	2.216645E-2
0.322685	2.265164E+0	7.781983E-1	4.511958E-1	3.150017E-2
0.322689	2.370089E+0	7.048158E-1	5.702813E-1	3.536239E-2
0.322693	2.405493E+0	6.047195E-1	6.726305E-1	4.373055E-2
0.322697	2.371699E+0	4.894962E-1	7.556686E-1	4.984575E-2
0.322701	2.268061E+0	3.613989E-1	8.171425E-1	5.113315E-2
0.322705	2.097800E+0	2.213930E-1	8.541556E-1	5.435168E-2
0.322709	1.867995E+0	8.074356E-2	8.663860E-1	5.885761E-2
0.322713	1.582189E+0	-6.730845E-2	8.544775E-1	5.853576E-2
0.322717	1.249713E+0	-2.131074E-1	8.155332E-1	5.338612E-2
0.322721	8.815131E-1	-3.508601E-1	7.527719E-1	4.791463E-2
0.322725	4.859559E-1	-4.796008E-1	6.674808E-1	4.212129E-2
0.322729	8.009986E-2	-5.954674E-1	5.638442E-1	3.504054E-2
0.322733	-3.296178E-1	-6.929884E-1	4.428276E-1	2.474127E-2
0.322737	-7.319325E-1	-7.724858E-1	3.102243E-1	1.444200E-2
0.322741	-1.113326E+0	-8.268787E-1	1.670000E-1	3.820878E-3
0.322745	-1.458673E+0	-8.600294E-1	1.959164E-2	-5.512836E-3
0.322749	-1.766684E+0	-8.671101E-1	-1.284603E-1	-1.613396E-2
0.322753	-2.019015E+0	-8.490864E-1	-2.726500E-1	-2.868619E-2
0.322757	-2.216953E+0	-8.066020E-1	-4.091152E-1	-3.608879E-2
0.322761	-2.345694E+0	-7.357947E-1	-5.339937E-1	-4.381324E-2
0.322765	-2.408777E+0	-6.492166E-1	-6.431014E-1	-5.025029E-2
0.322769	-2.402661E+0	-5.410745E-1	-7.345073E-1	-5.539992E-2
0.322773	-2.323164E+0	-4.120119E-1	-8.037054E-1	-5.797474E-2
0.322777	-2.180262E+0	-2.797308E-1	-8.506957E-1	-6.280252E-2
0.322781	-1.972025E+0	-1.361848E-1	-8.725816E-1	-6.312437E-2
0.322785	-1.705854E+0	1.057977E-2	-8.690412E-1	-6.408993E-2
0.322789	-1.388831E+0	1.567007E-1	-8.403964E-1	-6.248067E-2
0.322793	-1.034151E+0	3.005687E-1	-7.863254E-1	-5.829659E-2
0.322797	-6.450325E-1	4.334939E-1	-7.097247E-1	-4.992843E-2
0.322801	-2.423960E-1	5.574072E-1	-6.122037E-1	-4.316954E-2
0.322805	1.663563E-1	6.616875E-1	-4.982682E-1	-3.447953E-2
0.322809	5.734998E-1	7.473004E-1	-3.695275E-1	-2.643323E-2
0.322813	9.629420E-1	8.097399E-1	-2.298437E-1	-1.613396E-2
0.322817	1.325671E+0	8.496497E-1	-8.404476E-2	-5.834688E-3
0.322821	1.646881E+0	8.683172E-1	6.465095E-2	3.499026E-3
0.322825	1.921745E+0	8.564086E-1	2.107719E-1	1.315459E-2
0.322829	2.141250E+0	8.239014E-1	3.510996E-1	2.313201E-2
0.322833	2.295419E+0	7.643586E-1	4.801625E-1	3.150017E-2
0.322837	2.387148E+0	6.813205E-1	5.957077E-1	3.986833E-2
0.322841	2.404850E+0	5.792932E-1	6.945165E-1	4.437426E-2
0.322845	2.353675E+0	4.614950E-1	7.724049E-1	5.016760E-2
0.322849	2.232979E+0	3.311447E-1	8.280855E-1	5.274242E-2
0.322853	2.049843E+0	1.888859E-1	8.596271E-1	5.692649E-2
0.322857	1.804268E+0	4.501796E-2	8.654205E-1	5.982317E-2
0.322861	1.508806E+0	-9.981551E-2	8.473967E-1	5.789205E-2
0.322865	1.165066E+0	-2.459363E-1	8.033028E-1	5.306427E-2
0.322869	7.888194E-1	-3.833671E-1	7.347481E-1	4.823648E-2
0.322873	3.926186E-1	-5.101767E-1	6.452730E-1	4.308685E-2
0.322877	-1.388099E-2	-6.196063E-1	5.364867E-1	3.471869E-2
0.322881	-4.255297E-1	-7.132651E-1	4.128953E-1	2.313201E-2
0.322885	-8.217290E-1	-7.889002E-1	2.770735E-1	1.412015E-2
0.322889	-1.195077E+0	-8.365342E-1	1.328836E-1	2.533469E-3
0.322893	-1.537526E+0	-8.635697E-1	-1.452470E-2	-8.409505E-3
0.322897	-1.829123E+0	-8.661445E-1	-1.632204E-1	-1.613396E-2
0.322901	-2.073086E+0	-8.436149E-1	-3.061226E-1	-2.868619E-2
0.322905	-2.252679E+0	-7.914750E-1	-4.403349E-1	-3.769805E-2
0.322909	-2.368223E+0	-7.177710E-1	-5.616730E-1	-4.767547E-2
0.322913	-2.413926E+0	-6.237903E-1	-6.659529E-1	-5.057214E-2
0.322917	-2.390431E+0	-5.082456E-1	-7.515654E-1	-5.443436E-2
0.322921	-2.297416E+0	-3.830452E-1	-8.165794E-1	-5.700918E-2
0.322925	-2.136169E+0	-2.452926E-1	-8.577764E-1	-6.183696E-2
0.322929	-1.915057E+0	-1.014248E-1	-8.738690E-1	-6.312437E-2
0.322933	-1.635047E+0	4.501796E-2	-8.642134E-1	-6.280252E-2
0.322937	-1.309334E+0	1.898515E-1	-8.297753E-1	-6.215882E-2
0.322941	-9.427452E-1	3.298573E-1	-7.708765E-1	-5.411251E-2
0.322945	-5.526611E-1	4.640699E-1	-6.884825E-1	-4.767547E-2
0.322949	-1.451967E-1	5.792932E-1	-5.870992E-1	-4.091657E-2
0.322953	2.632339E-1	6.813205E-1	-4.689797E-1	-3.093916E-2
0.322957	6.687683E-1	7.621056E-1	-3.373423E-1	-2.418026E-2
0.322961	1.050164E+0	8.239014E-1	-1.960493E-1	-1.420284E-2
0.322965	1.404525E+0	8.567304E-1	-4.928473E-2	-5.512836E-3
0.322969	1.716402E+0	8.673516E-1	9.876729E-2	5.751991E-3
0.322973	1.977426E+0	8.512589E-1	2.442446E-1	1.798237E-2
0.322977	2.183413E+0	8.119929E-1	3.819974E-1	2.538498E-2
0.322981	2.323742E+0	7.456911E-1	5.084855E-1	3.343128E-2
0.322985	2.395838E+0	6.571816E-1	6.204903E-1	4.212129E-2
0.322989	2.399056E+0	5.529012E-1	7.138277E-1	4.501796E-2
0.322993	2.330823E+0	4.312409E-1	7.872102E-1	4.984575E-2
0.322997	2.196287E+0	2.979939E-1	8.377411E-1	5.338612E-2
0.323001	1.997703E+0	1.554133E-1	8.628457E-1	5.724835E-2
0.323005	1.738932E+0	1.186718E-2	8.641331E-1	5.821390E-2
0.323009	1.431883E+0	-1.339318E-1	8.390285E-1	5.628279E-2
0.323013	1.080419E+0	-2.755467E-1	7.894631E-1	5.306427E-2
0.323017	6.980569E-1	-4.123338E-1	7.154369E-1	4.566167E-2
0.323021	2.947754E-1	-5.368904E-1	6.208122E-1	3.890277E-2
0.323025	-1.114022E-1	-6.424577E-1	5.091292E-1	2.924720E-2
0.323029	-5.191885E-1	-7.361165E-1	3.819974E-1	2.087904E-2
0.323033	-9.137786E-1	-8.027398E-1	2.439227E-1	1.057977E-2
0.323037	-1.278114E+0	-8.465116E-1	9.876729E-2	9.242081E-4
0.323041	-1.610908E+0	-8.642134E-1	-4.960658E-2	-1.162803E-2
0.323045	-1.893172E+0	-8.622823E-1	-1.970148E-1	-2.160544E-2
0.323049	-2.120076E+0	-8.320283E-1	-3.386297E-1	-3.029545E-2
0.323053	-2.284542E+0	-7.750606E-1	-4.702671E-1	-4.027287E-2
0.323057	-2.383350E+0	-6.984599E-1	-5.877430E-1	-4.670991E-2
0.323061	-2.412317E+0	-6.009389E-1	-6.884825E-1	-5.089399E-2
0.323065	-2.374017E+0	-4.831411E-1	-7.692672E-1	-5.668733E-2
0.323069	-2.266518E+0	-3.527912E-1	-8.291316E-1	-5.861844E-2
0.323073	-2.090144E+0	-2.134293E-1	-8.638916E-1	-6.183696E-2
0.323077	-1.853906E+0	-6.634289E-2	-8.741908E-1	-6.441178E-2
0.323081	-1.561987E+0	7.945615E-2	-8.587420E-1	-6.215882E-2
0.323085	-1.228871E+0	2.233242E-1	-8.185105E-1	-5.797474E-2
0.323089	-8.532705E-1	3.633300E-1	-7.538184E-1	-5.282510E-2
0.323093	-4.577149E-1	4.949677E-1	-6.672403E-1	-4.767547E-2
0.323097	-5.185955E-2	6.050414E-1	-5.610293E-1	-4.059472E-2
0.323101	3.591459E-1	7.041721E-1	-4.393693E-1	-3.093916E-2
0.323105	7.601745E-1	7.804513E-1	-3.051571E-1	-2.321471E-2
0.323109	1.136421E+0	8.335570E-1	-1.625767E-1	-1.227173E-2
0.323113	1.481770E+0	8.599490E-1	-1.452470E-2	-6.850528E-4
0.323117	1.783669E+0	8.654205E-1	1.328836E-1	7.683104E-3
0.323121	2.030854E+0	8.454656E-1	2.773954E-1	1.798237E-2
0.323125	2.220748E+0	7.975095E-1	4.119297E-1	2.731609E-2
0.323129	2.347881E+0	7.295985E-1	5.361649E-1	3.471869E-2
0.323133	2.403240E+0	6.378704E-1	6.439856E-1	4.083388E-2
0.323137	2.390044E+0	5.242563E-1	7.328170E-1	4.598352E-2
0.323141	2.307327E+0	4.000212E-1	8.016936E-1	5.274242E-2
0.323145	2.157987E+0	2.638776E-1	8.457874E-1	5.467353E-2
0.323149	1.942344E+0	1.209751E-1	8.657423E-1	5.757020E-2
0.323153	1.672630E+0	-2.257100E-2	8.602708E-1	5.853576E-2
0.323157	1.353029E+0	-1.686919E-1	8.293729E-1	5.660464E-2
0.323161	9.951273E-1	-3.109504E-1	7.740142E-1	5.274242E-2
0.323165	6.040758E-1	-4.432315E-1	6.951602E-1	4.340870E-2
0.323169	2.017600E-1	-5.642478E-1	5.969951E-1	3.858092E-2
0.323173	-2.069922E-1	-6.640218E-1	4.801625E-1	2.828165E-2
0.323177	-6.144566E-1	-7.493125E-1	3.507777E-1	1.766052E-2
0.323181	-1.003253E+0	-8.123954E-1	2.101282E-1	8.326809E-3
0.323185	-1.360186E+0	-8.532705E-1	6.400724E-2	-2.616166E-3
0.323189	-1.678497E+0	-8.651790E-1	-8.468846E-2	-1.259358E-2
0.323193	-1.947886E+0	-8.561672E-1	-2.308093E-1	-2.096174E-2
0.323197	-2.163526E+0	-8.217290E-1	-3.698493E-1	-3.351397E-2
0.323201	-2.313831E+0	-7.602554E-1	-4.979463E-1	-4.188213E-2
0.323205	-2.398799E+0	-6.788270E-1	-6.131692E-1	-4.735362E-2
0.323209	-2.411029E+0	-5.722941E-1	-7.094029E-1	-5.314696E-2
0.323213	-2.354062E+0	-4.528871E-1	-7.853598E-1	-5.443436E-2
0.323217	-2.230149E+0	-3.193186E-1	-8.391090E-1	-5.700918E-2
0.323221	-2.038648E+0	-1.806004E-1	-8.683975E-1	-6.119326E-2
0.323225	-1.788892E+0	-3.319212E-2	-8.729034E-1	-6.248067E-2
0.323229	-1.486996E+0	1.116414E-1	-8.510175E-1	-6.119326E-2
0.323233	-1.141971E+0	2.580842E-1	-8.049928E-1	-5.765289E-2
0.323237	-7.631521E-1	3.987338E-1	-7.348291E-1	-4.992843E-2
0.323241	-3.618030E-1	5.210378E-1	-6.431014E-1	-4.670991E-2
0.323245	4.533981E-2	6.285366E-1	-5.333500E-1	-3.866361E-2
0.323249	4.534487E-1	7.238051E-1	-4.084715E-1	-2.804249E-2
0.323253	8.512589E-1	7.942909E-1	-2.720063E-1	-1.742137E-2
0.323257	1.221390E+0	8.406378E-1	-1.274948E-1	-8.731358E-3
0.323261	1.557406E+0	8.634894E-1	1.991349E-2	9.242081E-4
0.323265	1.845466E+0	8.628457E-1	1.679655E-1	1.154533E-2
0.323269	2.084604E+0	8.374193E-1	3.102243E-1	2.055719E-2
0.323273	2.255831E+0	7.830261E-1	4.434713E-1	2.924720E-2
0.323277	2.364296E+0	7.083562E-1	5.628787E-1	3.954647E-2
0.323281	2.405815E+0	6.121221E-1	6.665153E-1	4.083388E-2
0.323285	2.375561E+0	4.978644E-1	7.514845E-1	4.759278E-2
0.323289	2.278682E+0	3.681578E-1	8.139240E-1	5.274242E-2
0.323293	2.111961E+0	2.313705E-1	8.528682E-1	5.531723E-2
0.323297	1.884410E+0	8.718061E-2	8.663860E-1	5.853576E-2
0.323301	1.599891E+0	-5.539992E-2	8.551212E-1	5.853576E-2
0.323305	1.270956E+0	-2.008771E-1	8.187518E-1	5.499538E-2
0.323309	9.040429E-1	-3.428138E-1	7.572778E-1	4.759278E-2
0.323313	5.117041E-1	-4.712326E-1	6.739179E-1	4.212129E-2
0.323317	1.029514E-1	-5.858118E-1	5.706031E-1	3.632795E-2
0.323321	-3.022604E-1	-6.904136E-1	4.508739E-1	2.570683E-2
0.323325	-7.077936E-1	-7.666924E-1	3.179488E-1	1.637311E-2
0.323329	-1.089509E+0	-8.236602E-1	1.772993E-1	4.786434E-3
0.323333	-1.439683E+0	-8.580983E-1	2.956905E-2	-5.834688E-3
0.323337	-1.747695E+0	-8.703286E-1	-1.194485E-1	-1.645581E-2
0.323341	-2.006785E+0	-8.510175E-1	-2.642819E-1	-2.836434E-2
0.323345	-2.205045E+0	-8.098205E-1	-4.013908E-1	-3.383583E-2
0.323349	-2.341510E+0	-7.422317E-1	-5.262693E-1	-4.413510E-2
0.323353	-2.407811E+0	-6.514696E-1	-6.373081E-1	-4.960658E-2
0.323357	-2.404592E+0	-5.465459E-1	-7.293577E-1	-5.443436E-2
0.323361	-2.332176E+0	-4.223112E-1	-8.004868E-1	-5.539992E-2
0.323365	-2.189918E+0	-2.861678E-1	-8.484427E-1	-6.248067E-2
0.323369	-1.987474E+0	-1.471278E-1	-8.719379E-1	-6.344622E-2
0.323373	-1.724200E+0	-3.632007E-4	-8.696849E-1	-6.441178E-2
0.323377	-1.410717E+0	1.480107E-1	-8.429712E-1	-6.151511E-2
0.323381	-1.056359E+0	2.931661E-1	-7.908313E-1	-5.572177E-2
0.323385	-6.711025E-1	4.277005E-1	-7.151962E-1	-4.864103E-2
0.323389	-2.684660E-1	5.500046E-1	-6.192844E-1	-4.059472E-2
0.323393	1.402862E-1	6.520319E-1	-5.050271E-1	-3.447953E-2
0.323397	5.496827E-1	7.418289E-1	-3.775738E-1	-2.482397E-2
0.323401	9.397686E-1	8.049121E-1	-2.388556E-1	-1.581211E-2
0.323405	1.302819E+0	8.483623E-1	-9.305662E-2	-6.156540E-3
0.323409	1.625639E+0	8.663860E-1	5.467353E-2	1.567913E-3
0.323413	1.906940E+0	8.586616E-1	2.011163E-1	1.476385E-2
0.323417	2.129663E+0	8.258325E-1	3.417659E-1	2.345386E-2
0.323421	2.288016E+0	7.678990E-1	4.724380E-1	3.085646E-2
0.323425	2.379423E+0	6.884013E-1	5.889487E-1	3.922462E-2
0.323429	2.406781E+0	5.850865E-1	6.884013E-1	4.308685E-2
0.323433	2.360434E+0	4.679321E-1	7.675771E-1	4.855834E-2
0.323437	2.244566E+0	3.391911E-1	8.251888E-1	5.177686E-2
0.323441	2.061430E+0	1.991852E-1	8.583397E-1	5.499538E-2
0.323445	1.820683E+0	5.467353E-2	8.660642E-1	6.143243E-2
0.323449	1.528117E+0	-9.370032E-2	8.486841E-1	5.789205E-2
0.323453	1.186630E+0	-2.353152E-1	8.065214E-1	5.402982E-2
0.323457	8.145677E-1	-3.730678E-1	7.395759E-1	4.952389E-2
0.323461	4.202979E-1	-5.001993E-1	6.510663E-1	3.986833E-2
0.323465	9.292365E-3	-6.131692E-1	5.438893E-1	3.310943E-2
0.323469	-4.001034E-1	-7.081155E-1	4.212635E-1	2.281016E-2
0.323473	-7.972683E-1	-7.831069E-1	2.854417E-1	1.251089E-2
0.323477	-1.175766E+0	-8.358905E-1	1.425392E-1	3.820878E-3
0.323481	-1.516928E+0	-8.645353E-1	-5.834688E-3	-6.156540E-3
0.323485	-1.816571E+0	-8.677538E-1	-1.535648E-1	-1.742137E-2
0.323489	-2.057959E+0	-8.436149E-1	-2.967889E-1	-2.965175E-2
0.323493	-2.241414E+0	-7.963028E-1	-4.316449E-1	-3.737620E-2
0.323497	-2.365970E+0	-7.248517E-1	-5.539485E-1	-4.445695E-2
0.323501	-2.413604E+0	-6.305492E-1	-6.604814E-1	-5.025029E-2
0.323505	-2.392362E+0	-5.182230E-1	-7.480250E-1	-5.636548E-2
0.323509	-2.303853E+0	-3.923789E-1	-8.140046E-1	-5.765289E-2
0.323513	-2.147434E+0	-2.549482E-1	-8.561672E-1	-6.054956E-2
0.323517	-1.927610E+0	-1.114022E-1	-8.738690E-1	-6.280252E-2
0.323521	-1.654680E+0	3.632795E-2	-8.658227E-1	-6.344622E-2
0.323525	-1.330898E+0	1.818052E-1	-8.333157E-1	-6.119326E-2
0.323529	-9.672059E-1	3.240640E-1	-7.753824E-1	-5.507807E-2
0.323533	-5.774437E-1	4.566673E-1	-6.939540E-1	-4.767547E-2
0.323537	-1.719104E-1	5.725342E-1	-5.945018E-1	-4.156028E-2
0.323541	2.381294E-1	6.764927E-1	-4.767041E-1	-3.126101E-2
0.323545	6.430200E-1	7.579215E-1	-3.460323E-1	-2.578952E-2
0.323549	1.026669E+0	8.203610E-1	-2.053830E-1	-1.452470E-2
0.323553	1.383927E+0	8.567304E-1	-5.926215E-2	-5.512836E-3
0.323557	1.698056E+0	8.673516E-1	8.943357E-2	7.361252E-3
0.323561	1.962621E+0	8.531901E-1	2.352327E-1	1.605126E-2
0.323565	2.170861E+0	8.139240E-1	3.733074E-1	2.409757E-2
0.323569	2.314408E+0	7.489097E-1	5.010829E-1	3.182202E-2
0.323573	2.392619E+0	6.658716E-1	6.140533E-1	3.922462E-2
0.323577	2.400022E+0	5.599820E-1	7.086780E-1	4.566167E-2
0.323581	2.338226E+0	4.389654E-1	7.833479E-1	4.952389E-2
0.323585	2.208196E+0	3.060402E-1	8.351663E-1	5.338612E-2
0.323589	2.010577E+0	1.641033E-1	8.622019E-1	5.724835E-2
0.323593	1.758565E+0	2.152275E-2	8.644549E-1	5.885761E-2
0.323597	1.450872E+0	-1.229889E-1	8.412815E-1	5.596094E-2
0.323601	1.103592E+0	-2.675004E-1	7.933254E-1	5.402982E-2
0.323605	7.228396E-1	-4.065404E-1	7.209084E-1	4.598352E-2
0.323609	3.202018E-1	-5.310971E-1	6.272492E-1	3.858092E-2
0.323613	-8.726328E-2	-6.363426E-1	5.165319E-1	3.021276E-2
0.323617	-4.947278E-1	-7.287140E-1	3.897219E-1	2.248831E-2
0.323621	-8.906053E-1	-7.991994E-1	2.529346E-1	1.122348E-2
0.323625	-1.258481E+0	-8.436149E-1	1.074573E-1	-3.632007E-4
0.323629	-1.591597E+0	-8.658227E-1	-4.091657E-2	-1.194988E-2
0.323633	-1.877401E+0	-8.622823E-1	-1.880030E-1	-2.031804E-2
0.323637	-2.107524E+0	-8.362124E-1	-3.292960E-1	-3.126101E-2
0.323641	-2.277140E+0	-7.818195E-1	-4.618989E-1	-3.866361E-2
0.323645	-2.382385E+0	-7.052188E-1	-5.803404E-1	-4.703177E-2
0.323649	-2.416501E+0	-6.067322E-1	-6.830110E-1	-5.153770E-2
0.323653	-2.378844E+0	-4.886126E-1	-7.654050E-1	-5.282510E-2
0.323657	-2.273599E+0	-3.595501E-1	-8.259131E-1	-5.700918E-2
0.323661	-2.102053E+0	-2.208319E-1	-8.629260E-1	-5.861844E-2
0.323665	-1.869033E+0	-7.599846E-2	-8.745127E-1	-6.183696E-2
0.323669	-1.582585E+0	6.786947E-2	-8.609949E-1	-6.183696E-2
0.323673	-1.249469E+0	2.143123E-1	-8.217290E-1	-6.151511E-2
0.323677	-8.780530E-1	3.536744E-1	-7.580024E-1	-5.411251E-2
0.323681	-4.841067E-1	4.853121E-1	-6.723899E-1	-4.703177E-2
0.323685	-7.728587E-2	6.018229E-1	-5.681100E-1	-4.091657E-2
0.323689	3.340414E-1	6.970913E-1	-4.470938E-1	-3.061731E-2
0.323693	7.341044E-1	7.753016E-1	-3.141689E-1	-2.224915E-2
0.323697	1.114213E+0	8.313040E-1	-1.715885E-1	-1.162803E-2
0.323701	1.461493E+0	8.583397E-1	-2.418026E-2	-3.903575E-3
0.323705	1.765646E+0	8.657423E-1	1.238718E-1	9.292365E-3
0.323709	2.017980E+0	8.483623E-1	2.683835E-1	1.926978E-2
0.323713	2.212058E+0	8.026591E-1	4.048490E-1	2.635053E-2
0.323717	2.340479E+0	7.347481E-1	5.287623E-1	3.504054E-2
0.323721	2.402597E+0	6.417326E-1	6.378704E-1	4.051203E-2
0.323725	2.392297E+0	5.339119E-1	7.279892E-1	4.501796E-2
0.323729	2.311190E+0	4.071019E-1	7.971876E-1	5.048945E-2
0.323733	2.166355E+0	2.738550E-1	8.438563E-1	5.435168E-2
0.323737	1.958758E+0	1.309525E-1	8.650986E-1	5.499538E-2
0.323741	1.689366E+0	-1.323729E-2	8.615582E-1	6.046687E-2
0.323745	1.374915E+0	-1.561396E-1	8.322696E-1	5.467353E-2
0.323749	1.016048E+0	-3.003293E-1	7.778764E-1	5.177686E-2
0.323753	6.301459E-1	-4.351852E-1	7.003098E-1	4.340870E-2
0.323757	2.249334E-1	-5.555578E-1	6.031103E-1	3.664980E-2
0.323761	-1.825315E-1	-6.601596E-1	4.882088E-1	2.795979E-2
0.323765	-5.899959E-1	-7.460939E-1	3.581804E-1	1.926978E-2
0.323769	-9.797581E-1	-8.098205E-1	2.191401E-1	9.292365E-3
0.323773	-1.338622E+0	-8.516612E-1	7.334096E-2	-2.294314E-3
0.323777	-1.659508E+0	-8.677538E-1	-7.535475E-2	-1.291544E-2
0.323781	-1.935012E+0	-8.609949E-1	-2.217974E-1	-2.353656E-2
0.323785	-2.151618E+0	-8.239820E-1	-3.614812E-1	-3.254842E-2
0.323789	-2.306106E+0	-7.631521E-1	-4.908656E-1	-3.962917E-2
0.323793	-2.395903E+0	-6.823673E-1	-6.060885E-1	-4.864103E-2
0.323797	-2.411673E+0	-5.806622E-1	-7.036095E-1	-5.185955E-2
0.323801	-2.358890E+0	-4.577149E-1	-7.808539E-1	-5.668733E-2
0.323805	-2.240770E+0	-3.257556E-1	-8.365342E-1	-5.765289E-2
0.323809	-2.052488E+0	-1.880030E-1	-8.674320E-1	-6.151511E-2
0.323813	-1.807881E+0	-4.027287E-2	-8.729034E-1	-6.505549E-2
0.323817	-1.506950E+0	1.042388E-1	-8.535923E-1	-6.119326E-2
0.323821	-1.163213E+0	2.484286E-1	-8.088550E-1	-5.797474E-2
0.323825	-7.889002E-1	3.874689E-1	-7.393351E-1	-5.314696E-2
0.323829	-3.878730E-1	5.149226E-1	-6.498603E-1	-4.606621E-2
0.323833	1.926978E-2	6.230651E-1	-5.410745E-1	-3.737620E-2
0.323837	4.273787E-1	7.183336E-1	-4.168397E-1	-2.804249E-2
0.323841	8.251888E-1	7.904287E-1	-2.810182E-1	-2.063989E-2
0.323845	1.199504E+0	8.393504E-1	-1.365067E-1	-9.696914E-3
0.323849	1.535842E+0	8.625238E-1	1.122348E-2	1.246060E-3
0.323853	1.829051E+0	8.625238E-1	1.589537E-1	9.292365E-3
0.323857	2.069155E+0	8.380630E-1	3.015343E-1	2.120090E-2
0.323861	2.246175E+0	7.891413E-1	4.344594E-1	2.924720E-2
0.323865	2.360434E+0	7.128621E-1	5.557979E-1	3.761536E-2
0.323869	2.405493E+0	6.172718E-1	6.610438E-1	4.405241E-2
0.323873	2.378779E+0	5.049452E-1	7.469785E-1	4.662722E-2
0.323877	2.284798E+0	3.778134E-1	8.107054E-1	5.177686E-2
0.323881	2.123870E+0	2.397386E-1	8.512589E-1	5.435168E-2
0.323885	1.902112E+0	9.780173E-2	8.667079E-1	5.757020E-2
0.323889	1.619202E+0	-4.735362E-2	8.570523E-1	5.950131E-2
0.323893	1.294129E+0	-1.954056E-1	8.216484E-1	5.467353E-2
0.323897	9.285037E-1	-3.331582E-1	7.617838E-1	4.984575E-2
0.323901	5.358430E-1	-4.638300E-1	6.797113E-1	4.308685E-2
0.323905	1.290214E-1	-5.806622E-1	5.776839E-1	3.568425E-2
0.323909	-2.784434E-1	-6.820455E-1	4.589202E-1	2.474127E-2
0.323913	-6.826892E-1	-7.660487E-1	3.272825E-1	1.540756E-2
0.323917	-1.066336E+0	-8.207635E-1	1.856674E-1	5.430139E-3
0.323921	-1.418763E+0	-8.571327E-1	3.793721E-2	-4.547279E-3
0.323925	-1.730959E+0	-8.677538E-1	-1.104366E-1	-1.484655E-2
0.323929	-1.991014E+0	-8.529486E-1	-2.555919E-1	-2.643323E-2
0.323933	-2.194746E+0	-8.133609E-1	-3.936664E-1	-3.222657E-2
0.323937	-2.332498E+0	-7.467376E-1	-5.191885E-1	-4.284769E-2
0.323941	-2.403305E+0	-6.604814E-1	-6.305492E-1	-4.831917E-2
0.323945	-2.405558E+0	-5.536267E-1	-7.248517E-1	-5.314696E-2
0.323949	-2.338291E+0	-4.293919E-1	-7.963028E-1	-5.829659E-2
0.323953	-2.202148E+0	-2.964671E-1	-8.458679E-1	-5.958400E-2
0.323957	-2.002279E+0	-1.522774E-1	-8.712942E-1	-6.215882E-2
0.323961	-1.741258E+0	-7.122097E-3	-8.712942E-1	-6.569919E-2
0.323965	-1.431959E+0	1.377114E-1	-8.455461E-1	-6.151511E-2
0.323969	-1.079532E+0	2.831887E-1	-7.946935E-1	-5.797474E-2
0.323973	-6.984599E-1	4.180449E-1	-7.206677E-1	-5.089399E-2
0.323977	-2.919612E-1	5.419582E-1	-6.257214E-1	-4.606621E-2
0.323981	1.151818E-1	6.462386E-1	-5.130734E-1	-3.512324E-2
0.323985	5.249000E-1	7.370011E-1	-3.859419E-1	-2.739878E-2
0.323989	9.153077E-1	8.013717E-1	-2.478674E-1	-1.742137E-2
0.323993	1.280933E+0	8.464311E-1	-1.030340E-1	-7.122097E-3
0.323997	1.608259E+0	8.660642E-1	4.469611E-2	1.889765E-3
0.324001	1.891169E+0	8.586616E-1	1.917826E-1	1.315459E-2
0.324005	2.116789E+0	8.290511E-1	3.337196E-1	2.152275E-2
0.324009	2.279970E+0	7.714394E-1	4.647136E-1	3.053461E-2
0.324013	2.377814E+0	6.932291E-1	5.825117E-1	3.729351E-2
0.324017	2.403884E+0	5.950639E-1	6.822861E-1	4.373055E-2
0.324021	2.363330E+0	4.753347E-1	7.637149E-1	4.984575E-2
0.324025	2.253899E+0	3.482029E-1	8.219703E-1	5.145501E-2
0.324029	2.077523E+0	2.075534E-1	8.567304E-1	5.789205E-2
0.324033	1.839672E+0	6.368539E-2	8.667079E-1	5.982317E-2
0.324037	1.548072E+0	-8.307920E-2	8.512589E-1	5.917946E-2
0.324041	1.212057E+0	-2.272689E-1	8.103836E-1	5.274242E-2
0.324045	8.403159E-1	-3.650215E-1	7.447256E-1	4.823648E-2
0.324049	4.425057E-1	-4.944060E-1	6.571816E-1	4.019018E-2
0.324053	3.632795E-2	-6.060885E-1	5.512920E-1	3.343128E-2
0.324057	-3.746771E-1	-7.023221E-1	4.289879E-1	2.248831E-2
0.324061	-7.724858E-1	-7.773135E-1	2.947754E-1	1.476385E-2
0.324065	-1.150339E+0	-8.323501E-1	1.521948E-1	3.820878E-3
0.324069	-1.496329E+0	-8.626042E-1	3.820878E-3	-8.731358E-3
0.324073	-1.796938E+0	-8.655008E-1	-1.445530E-1	-1.774322E-2
0.324077	-2.041867E+0	-8.461898E-1	-2.880989E-1	-2.965175E-2
0.324081	-2.235299E+0	-7.998431E-1	-4.235986E-1	-3.769805E-2
0.324085	-2.357602E+0	-7.296795E-1	-5.468678E-1	-4.445695E-2
0.324089	-2.413604E+0	-6.389174E-1	-6.543662E-1	-5.057214E-2
0.324093	-2.397834E+0	-5.256256E-1	-7.428754E-1	-5.636548E-2
0.324097	-2.312543E+0	-3.991378E-1	-8.104642E-1	-5.829659E-2
0.324101	-2.158055E+0	-2.646037E-1	-8.545579E-1	-6.215882E-2
0.324105	-1.945633E+0	-1.181611E-1	-8.729034E-1	-6.248067E-2
0.324109	-1.673991E+0	2.667238E-2	-8.677538E-1	-6.183696E-2
0.324113	-1.350209E+0	1.705404E-1	-8.355687E-1	-6.087141E-2
0.324117	-9.932759E-1	3.176269E-1	-7.795665E-1	-5.539992E-2
0.324121	-6.038355E-1	4.479772E-1	-7.000692E-1	-4.864103E-2
0.324125	-1.989459E-1	5.673846E-1	-6.006170E-1	-4.445695E-2
0.324129	2.117375E-1	6.703775E-1	-4.844286E-1	-3.319212E-2
0.324133	6.175936E-1	7.553467E-1	-3.544004E-1	-2.643323E-2
0.324137	1.002852E+0	8.152114E-1	-2.143948E-1	-1.677766E-2
0.324141	1.363328E+0	8.535119E-1	-6.859586E-2	-4.225427E-3
0.324145	1.678101E+0	8.689609E-1	8.042171E-2	5.108287E-3
0.324149	1.949425E+0	8.557649E-1	2.268645E-1	1.476385E-2
0.324153	2.160883E+0	8.171425E-1	3.655830E-1	2.248831E-2
0.324157	2.310224E+0	7.553467E-1	4.936803E-1	3.182202E-2
0.324161	2.389401E+0	6.723086E-1	6.072944E-1	3.890277E-2
0.324165	2.402275E+0	5.664190E-1	7.032065E-1	4.630537E-2
0.324169	2.343053E+0	4.470117E-1	7.794857E-1	5.048945E-2
0.324173	2.216242E+0	3.144084E-1	8.322696E-1	5.242056E-2
0.324177	2.026026E+0	1.753681E-1	8.615582E-1	5.692649E-2
0.324181	1.774336E+0	2.989091E-2	8.650986E-1	5.853576E-2
0.324185	1.473080E+0	-1.159081E-1	8.438563E-1	5.628279E-2
0.324189	1.126444E+0	-2.588104E-1	7.968658E-1	5.242056E-2
0.324193	7.479441E-1	-3.975286E-1	7.257362E-1	4.630537E-2
0.324197	3.469155E-1	-5.233726E-1	6.340081E-1	4.179944E-2
0.324201	-5.958400E-2	-6.308711E-1	5.242563E-1	3.021276E-2
0.324205	-4.686578E-1	-7.242080E-1	3.984119E-1	2.120090E-2
0.324209	-8.658227E-1	-7.943717E-1	2.616246E-1	1.122348E-2
0.324213	-1.234986E+0	-8.416838E-1	1.171129E-1	1.889765E-3
0.324217	-1.571321E+0	-8.661445E-1	-3.126101E-2	-9.696914E-3
0.324221	-1.860343E+0	-8.651790E-1	-1.783474E-1	-1.935248E-2
0.324225	-2.094972E+0	-8.397527E-1	-3.209278E-1	-3.029545E-2
0.324229	-2.269737E+0	-7.863254E-1	-4.538526E-1	-3.801991E-2
0.324233	-2.377879E+0	-7.068280E-1	-5.735815E-1	-4.445695E-2
0.324237	-2.416501E+0	-6.109163E-1	-6.768959E-1	-5.282510E-2
0.324241	-2.382063E+0	-4.985900E-1	-7.602554E-1	-5.475622E-2
0.324245	-2.283577E+0	-3.685619E-1	-8.233383E-1	-5.733103E-2
0.324249	-2.114927E+0	-2.304874E-1	-8.603512E-1	-6.022770E-2
0.324253	-1.884160E+0	-8.694143E-2	-8.748345E-1	-6.344622E-2
0.324257	-1.602540E+0	5.950131E-2	-8.622823E-1	-6.280252E-2
0.324261	-1.271034E+0	2.069097E-1	-8.246257E-1	-6.087141E-2
0.324265	-9.031575E-1	3.472374E-1	-7.628302E-1	-5.250325E-2
0.324269	-5.095330E-1	4.772658E-1	-6.785051E-1	-4.735362E-2
0.324273	-9.949366E-2	5.908799E-1	-5.748689E-1	-4.156028E-2
0.324277	3.070058E-1	6.909761E-1	-4.554619E-1	-3.029545E-2
0.324281	7.099654E-1	7.688645E-1	-3.228589E-1	-2.353656E-2
0.324285	1.090074E+0	8.284074E-1	-1.799567E-1	-1.194988E-2
0.324289	1.443148E+0	8.589834E-1	-3.319212E-2	-3.259870E-3
0.324293	1.748265E+0	8.667079E-1	1.148599E-1	7.039400E-3
0.324297	2.001887E+0	8.477186E-1	2.593716E-1	1.862608E-2
0.324301	2.200793E+0	8.042684E-1	3.964808E-1	2.667238E-2
0.324305	2.335651E+0	7.376448E-1	5.220034E-1	3.343128E-2
0.324309	2.398734E+0	6.494571E-1	6.314333E-1	4.019018E-2
0.324313	2.396160E+0	5.426019E-1	7.231614E-1	4.598352E-2
0.324317	2.318271E+0	4.193323E-1	7.939691E-1	5.016760E-2
0.324321	2.180195E+0	2.831887E-1	8.412815E-1	5.306427E-2
0.324325	1.973242E+0	1.428611E-1	8.641331E-1	5.821390E-2
0.324329	1.707390E+0	-4.225427E-3	8.622019E-1	5.821390E-2
0.324333	1.397123E+0	-1.500244E-1	8.345226E-1	5.660464E-2
0.324337	1.041152E+0	-2.942141E-1	7.820605E-1	5.177686E-2
0.324341	6.568597E-1	-4.284263E-1	7.061032E-1	4.373055E-2
0.324345	2.490723E-1	-5.491208E-1	6.092255E-1	3.793721E-2
0.324349	-1.548522E-1	-6.530788E-1	4.959333E-1	2.989091E-2
0.324353	-5.619948E-1	-7.428754E-1	3.675141E-1	1.798237E-2
0.324357	-9.530444E-1	-8.072457E-1	2.281519E-1	1.186718E-2
0.324361	-1.318667E+0	-8.497301E-1	8.299653E-2	-2.294314E-3
0.324365	-1.642450E+0	-8.658227E-1	-6.569919E-2	-1.162803E-2
0.324369	-1.920851E+0	-8.600294E-1	-2.124637E-1	-2.321471E-2
0.324373	-2.142606E+0	-8.265568E-1	-3.527912E-1	-3.158286E-2
0.324377	-2.299025E+0	-7.702328E-1	-4.828193E-1	-4.091657E-2
0.324381	-2.391075E+0	-6.875170E-1	-5.993296E-1	-4.767547E-2
0.324385	-2.415214E+0	-5.877430E-1	-6.981381E-1	-5.089399E-2
0.324389	-2.364039E+0	-4.689797E-1	-7.769917E-1	-5.572177E-2
0.324393	-2.248495E+0	-3.357330E-1	-8.336375E-1	-5.958400E-2
0.324397	-2.066005E+0	-1.970148E-1	-8.667882E-1	-6.119326E-2
0.324401	-1.823008E+0	-5.057214E-2	-8.735471E-1	-6.344622E-2
0.324405	-1.528514E+0	9.554877E-2	-8.558453E-1	-6.248067E-2
0.324409	-1.187352E+0	2.407042E-1	-8.127172E-1	-5.636548E-2
0.324413	-8.143265E-1	3.752385E-1	-7.448065E-1	-5.057214E-2
0.324417	-4.174834E-1	5.062326E-1	-6.562974E-1	-4.445695E-2
0.324421	-7.122097E-3	6.159844E-1	-5.487989E-1	-3.834176E-2
0.324425	4.022742E-1	7.102873E-1	-4.252078E-1	-3.093916E-2
0.324429	8.007280E-1	7.859228E-1	-2.897082E-1	-2.128359E-2
0.324433	1.176009E+0	8.390285E-1	-1.464841E-1	-1.001877E-2
0.324437	1.517496E+0	8.628457E-1	1.567913E-3	-1.328757E-3
0.324441	1.814246E+0	8.641331E-1	1.489763E-1	8.326809E-3
0.324445	2.054027E+0	8.396722E-1	2.922006E-1	1.926978E-2
0.324449	2.238129E+0	7.920380E-1	4.270568E-1	2.924720E-2
0.324453	2.355284E+0	7.186555E-1	5.493608E-1	3.536239E-2
0.324457	2.403884E+0	6.266055E-1	6.549286E-1	4.244314E-2
0.324461	2.383607E+0	5.129915E-1	7.418289E-1	4.823648E-2
0.324465	2.293488E+0	3.861815E-1	8.074869E-1	5.113315E-2
0.324469	2.135779E+0	2.493942E-1	8.493278E-1	5.499538E-2
0.324473	1.916595E+0	1.042388E-1	8.660642E-1	5.853576E-2
0.324477	1.640122E+0	-3.962917E-2	8.580179E-1	6.143243E-2
0.324481	1.315372E+0	-1.851063E-1	8.248670E-1	5.628279E-2
0.324485	9.536083E-1	-3.273649E-1	7.666116E-1	5.081130E-2
0.324489	5.622350E-1	-4.564275E-1	6.855046E-1	4.276500E-2
0.324493	1.554133E-1	-5.761563E-1	5.847647E-1	3.632795E-2
0.324497	-2.533389E-1	-6.765740E-1	4.672884E-1	2.409757E-2
0.324501	-6.588722E-1	-7.573587E-1	3.359725E-1	1.605126E-2
0.324505	-1.043807E+0	-8.175450E-1	1.946793E-1	8.648661E-3
0.324509	-1.396877E+0	-8.561672E-1	4.759278E-2	-3.903575E-3
0.324513	-1.712291E+0	-8.671101E-1	-1.004592E-1	-1.420284E-2
0.324517	-1.974600E+0	-8.571327E-1	-2.459363E-1	-2.482397E-2
0.324521	-2.182515E+0	-8.159357E-1	-3.846545E-1	-3.512324E-2
0.324525	-2.325739E+0	-7.512436E-1	-5.114641E-1	-4.220398E-2
0.324529	-2.403305E+0	-6.691714E-1	-6.237903E-1	-4.992843E-2
0.324533	-2.410708E+0	-5.597419E-1	-7.190584E-1	-5.250325E-2
0.324537	-2.345372E+0	-4.396912E-1	-7.927624E-1	-5.668733E-2
0.324541	-2.212448E+0	-3.048352E-1	-8.436149E-1	-5.700918E-2
0.324545	-2.015153E+0	-1.619330E-1	-8.706505E-1	-6.376808E-2
0.324549	-1.758960E+0	-1.581211E-2	-8.716160E-1	-6.280252E-2
0.324553	-1.453845E+0	1.280559E-1	-8.474772E-1	-6.087141E-2
0.324557	-1.103993E+0	2.719239E-1	-7.988776E-1	-5.926215E-2
0.324561	-7.225988E-1	4.099986E-1	-7.258173E-1	-5.025029E-2
0.324565	-3.177093E-1	5.332682E-1	-6.321585E-1	-4.542250E-2
0.324569	8.975543E-2	6.398015E-1	-5.207978E-1	-3.641064E-2
0.324573	4.968988E-1	7.328170E-1	-3.943101E-1	-2.772064E-2
0.324577	8.908469E-1	7.987969E-1	-2.568793E-1	-1.806507E-2
0.324581	1.260978E+0	8.441782E-1	-1.123677E-1	-8.087653E-3
0.324585	1.590879E+0	8.654205E-1	3.568425E-2	3.177174E-3
0.324589	1.872823E+0	8.605927E-1	1.834145E-1	1.057977E-2
0.324593	2.104237E+0	8.325915E-1	3.253514E-1	2.184460E-2
0.324597	2.271280E+0	7.765890E-1	4.566673E-1	3.278758E-2
0.324601	2.372342E+0	6.983787E-1	5.754309E-1	3.761536E-2
0.324605	2.407746E+0	5.969951E-1	6.774583E-1	4.373055E-2
0.324609	2.369446E+0	4.837029E-1	7.595308E-1	4.855834E-2
0.324613	2.262590E+0	3.530307E-1	8.187518E-1	5.113315E-2
0.324617	2.087500E+0	2.152778E-1	8.560867E-1	5.531723E-2
0.324621	1.853834E+0	7.269726E-2	8.670297E-1	5.917946E-2
0.324625	1.567383E+0	-7.149253E-2	8.525464E-1	5.885761E-2
0.324629	1.233299E+0	-2.163260E-1	8.132803E-1	5.370797E-2
0.324633	8.612364E-1	-3.560097E-1	7.495534E-1	4.791463E-2
0.324637	4.669665E-1	-4.853941E-1	6.632968E-1	4.179944E-2
0.324641	5.724835E-2	-5.996515E-1	5.586946E-1	3.600610E-2
0.324645	-3.486071E-1	-6.965288E-1	4.367124E-1	2.377571E-2
0.324649	-7.515654E-1	-7.753824E-1	3.034654E-1	1.412015E-2
0.324653	-1.128775E+0	-8.304190E-1	1.608848E-1	7.039400E-3
0.324657	-1.474443E+0	-8.609949E-1	1.315459E-2	-5.834688E-3
0.324661	-1.777627E+0	-8.661445E-1	-1.348974E-1	-1.709951E-2
0.324665	-2.030924E+0	-8.487646E-1	-2.794089E-1	-2.836434E-2
0.324669	-2.220816E+0	-8.024180E-1	-4.149086E-1	-3.512324E-2
0.324673	-2.351487E+0	-7.338636E-1	-5.394652E-1	-4.316954E-2
0.324677	-2.412961E+0	-6.431014E-1	-6.476074E-1	-4.864103E-2
0.324681	-2.400087E+0	-5.323845E-1	-7.377258E-1	-5.539992E-2
0.324685	-2.318980E+0	-4.081497E-1	-8.059583E-1	-5.958400E-2
0.324689	-2.170929E+0	-2.707189E-1	-8.516612E-1	-6.151511E-2
0.324693	-1.957864E+0	-1.300696E-1	-8.722597E-1	-6.441178E-2
0.324697	-1.690405E+0	1.733867E-2	-8.683975E-1	-6.473363E-2
0.324701	-1.373704E+0	1.634596E-1	-8.381435E-1	-6.183696E-2
0.324705	-1.016771E+0	3.066839E-1	-7.831069E-1	-5.668733E-2
0.324709	-6.257214E-1	4.402528E-1	-7.055406E-1	-4.864103E-2
0.324713	-2.234067E-1	5.596601E-1	-6.076978E-1	-4.349139E-2
0.324717	1.847019E-1	6.645842E-1	-4.921530E-1	-3.480138E-2
0.324721	5.934547E-1	7.508408E-1	-3.627686E-1	-2.482397E-2
0.324725	9.803221E-1	8.123147E-1	-2.234067E-1	-1.549025E-2
0.324729	1.341442E+0	8.515808E-1	-7.664216E-2	-4.869131E-3
0.324733	1.661043E+0	8.670297E-1	7.108799E-2	6.073843E-3
0.324737	1.933332E+0	8.567304E-1	2.172090E-1	1.444200E-2
0.324741	2.149296E+0	8.190736E-1	3.572148E-1	2.474127E-2
0.324745	2.301212E+0	7.598527E-1	4.862777E-1	3.117832E-2
0.324749	2.386504E+0	6.755272E-1	6.008573E-1	4.051203E-2
0.324753	2.403240E+0	5.731780E-1	6.983787E-1	4.501796E-2
0.324757	2.349812E+0	4.547361E-1	7.753016E-1	5.016760E-2
0.324761	2.228473E+0	3.234203E-1	8.303385E-1	5.306427E-2
0.324765	2.040188E+0	1.834145E-1	8.602708E-1	5.660464E-2
0.324769	1.793325E+0	3.922462E-2	8.657423E-1	5.950131E-2
0.324773	1.494322E+0	-1.065744E-1	8.457874E-1	5.467353E-2
0.324777	1.150261E+0	-2.504423E-1	8.000843E-1	5.338612E-2
0.324781	7.730486E-1	-3.862638E-1	7.315296E-1	4.566167E-2
0.324785	3.742730E-1	-5.156482E-1	6.401233E-1	3.858092E-2
0.324789	-3.512324E-2	-6.234685E-1	5.316589E-1	3.310943E-2
0.324793	-4.445189E-1	-7.193803E-1	4.064582E-1	2.216645E-2
0.324797	-8.416838E-1	-7.911532E-1	2.699928E-1	1.186718E-2
0.324801	-1.214066E+0	-8.391090E-1	1.267684E-1	2.211617E-3
0.324805	-1.552010E+0	-8.638916E-1	-2.192730E-2	-7.765801E-3
0.324809	-1.843285E+0	-8.651790E-1	-1.693356E-1	-1.935248E-2
0.324813	-2.079845E+0	-8.420057E-1	-3.125597E-1	-2.997360E-2
0.324817	-2.259116E+0	-7.895439E-1	-4.458063E-1	-3.705435E-2
0.324821	-2.371442E+0	-7.158399E-1	-5.665007E-1	-4.799732E-2
0.324825	-2.413926E+0	-6.160659E-1	-6.704588E-1	-5.089399E-2
0.324829	-2.388178E+0	-5.076019E-1	-7.560713E-1	-5.379066E-2
0.324833	-2.290657E+0	-3.766082E-1	-8.191542E-1	-5.572177E-2
0.324837	-2.124582E+0	-2.401430E-1	-8.587420E-1	-6.087141E-2
0.324841	-1.901218E+0	-9.402218E-2	-8.741908E-1	-6.408993E-2
0.324845	-1.620242E+0	5.209871E-2	-8.632479E-1	-6.312437E-2
0.324849	-1.292919E+0	1.988634E-1	-8.275224E-1	-5.958400E-2
0.324853	-9.263308E-1	3.391911E-1	-7.670143E-1	-5.411251E-2
0.324857	-5.343156E-1	4.669665E-1	-6.846203E-1	-4.670991E-2
0.324861	-1.268511E-1	5.889487E-1	-5.816278E-1	-4.252584E-2
0.324865	2.828669E-1	6.842172E-1	-4.628645E-1	-3.029545E-2
0.324869	6.835735E-1	7.675771E-1	-3.312271E-1	-2.385841E-2
0.324873	1.066579E+0	8.251888E-1	-1.896122E-1	-1.420284E-2
0.324877	1.419974E+0	8.573741E-1	-4.284769E-2	-4.225427E-3
0.324881	1.730242E+0	8.689609E-1	1.058480E-1	5.108287E-3
0.324885	1.987403E+0	8.496497E-1	2.513253E-1	1.766052E-2
0.324889	2.190494E+0	8.090962E-1	3.881126E-1	2.699424E-2
0.324893	2.327282E+0	7.421507E-1	5.146007E-1	3.439684E-2
0.324897	2.397447E+0	6.562160E-1	6.249963E-1	3.858092E-2
0.324901	2.395194E+0	5.461423E-1	7.180118E-1	4.598352E-2
0.324905	2.327282E+0	4.248038E-1	7.904287E-1	5.145501E-2
0.324909	2.188563E+0	2.918787E-1	8.399941E-1	5.467353E-2
0.324913	1.985150E+0	1.505855E-1	8.638112E-1	5.789205E-2
0.324917	1.726701E+0	5.751991E-3	8.628457E-1	6.014502E-2
0.324921	1.414181E+0	-1.403689E-1	8.377411E-1	5.596094E-2
0.324925	1.063682E+0	-2.842367E-1	7.862446E-1	5.145501E-2
0.324929	6.797113E-1	-4.200582E-1	7.115747E-1	4.469611E-2
0.324933	2.773954E-1	-5.417182E-1	6.159844E-1	3.890277E-2
0.324937	-1.316789E-1	-6.472855E-1	5.036578E-1	2.989091E-2
0.324941	-5.384996E-1	-7.370821E-1	3.762041E-1	2.023534E-2
0.324945	-9.305148E-1	-8.024180E-1	2.378075E-1	1.090163E-2
0.324949	-1.296138E+0	-8.461898E-1	9.233024E-2	-6.850528E-4
0.324953	-1.624104E+0	-8.661445E-1	-5.604363E-2	-1.001877E-2
0.324957	-1.904436E+0	-8.606731E-1	-2.034519E-1	-2.096174E-2
0.324961	-2.128445E+0	-8.272005E-1	-3.444230E-1	-3.254842E-2
0.324965	-2.290014E+0	-7.724858E-1	-4.747730E-1	-4.156028E-2
0.324969	-2.388178E+0	-6.962069E-1	-5.922489E-1	-4.703177E-2
0.324973	-2.413926E+0	-5.909615E-1	-6.926666E-1	-4.992843E-2
0.324977	-2.369189E+0	-4.757386E-1	-7.728076E-1	-5.765289E-2
0.324981	-2.258472E+0	-3.457104E-1	-8.307409E-1	-5.861844E-2
0.324985	-2.079201E+0	-2.063485E-1	-8.648571E-1	-6.151511E-2
0.324989	-1.840066E+0	-6.119326E-2	-8.741908E-1	-6.376808E-2
0.324993	-1.548147E+0	8.524949E-2	-8.574546E-1	-6.408993E-2
0.324997	-1.210847E+0	2.300831E-1	-8.156139E-1	-5.733103E-2
0.325001	-8.362124E-1	3.684796E-1	-7.499562E-1	-5.282510E-2
0.325005	-4.406567E-1	4.997955E-1	-6.624125E-1	-4.638806E-2
0.325009	-3.287027E-2	6.092255E-1	-5.555578E-1	-3.962917E-2
0.325013	3.768478E-1	7.064251E-1	-4.332541E-1	-3.061731E-2
0.325017	7.762672E-1	7.814168E-1	-2.990419E-1	-2.224915E-2
0.325021	1.154123E+0	8.345226E-1	-1.554959E-1	-1.130618E-2
0.325025	1.496254E+0	8.596271E-1	-8.087653E-3	-1.328757E-3
0.325029	1.798153E+0	8.654205E-1	1.399644E-1	1.025792E-2
0.325033	2.041153E+0	8.448219E-1	2.838324E-1	2.023534E-2
0.325037	2.227507E+0	7.952565E-1	4.186886E-1	2.731609E-2
0.325041	2.350134E+0	7.241270E-1	5.422801E-1	3.343128E-2
0.325045	2.405493E+0	6.340081E-1	6.484915E-1	4.051203E-2
0.325049	2.386826E+0	5.197504E-1	7.366792E-1	4.598352E-2
0.325053	2.301212E+0	3.945497E-1	8.039465E-1	5.274242E-2
0.325057	2.145756E+0	2.567968E-1	8.473967E-1	5.306427E-2
0.325061	1.929470E+0	1.167910E-1	8.663860E-1	5.789205E-2
0.325065	1.656859E+0	-2.997360E-2	8.593053E-1	5.660464E-2
0.325069	1.336936E+0	-1.751289E-1	8.277637E-1	5.596094E-2
0.325073	9.767817E-1	-3.157782E-1	7.711175E-1	5.048945E-2
0.325077	5.883050E-1	-4.474156E-1	6.912980E-1	4.501796E-2
0.325081	1.824489E-1	-5.681100E-1	5.915236E-1	3.729351E-2
0.325085	-2.288782E-1	-6.691714E-1	4.743692E-1	2.860350E-2
0.325089	-6.321585E-1	-7.567150E-1	3.440188E-1	1.830423E-2
0.325093	-1.019346E+0	-8.156139E-1	2.036912E-1	8.326809E-3
0.325097	-1.377566E+0	-8.542360E-1	5.692649E-2	-1.006905E-3
0.325101	-1.694590E+0	-8.667882E-1	-9.144736E-2	-1.452470E-2
0.325105	-1.962691E+0	-8.552016E-1	-2.372463E-1	-2.482397E-2
0.325109	-2.170929E+0	-8.191542E-1	-3.762864E-1	-3.254842E-2
0.325113	-2.319302E+0	-7.563932E-1	-5.037397E-1	-4.156028E-2
0.325117	-2.401374E+0	-6.730336E-1	-6.176752E-1	-4.574436E-2
0.325121	-2.410386E+0	-5.681100E-1	-7.132651E-1	-5.282510E-2
0.325125	-2.351809E+0	-4.470938E-1	-7.892220E-1	-5.636548E-2
0.325129	-2.223069E+0	-3.122378E-1	-8.410401E-1	-6.087141E-2
0.325133	-2.030280E+0	-1.735196E-1	-8.696849E-1	-6.215882E-2
0.325137	-1.777627E+0	-2.514582E-2	-8.729034E-1	-6.376808E-2
0.325141	-1.472834E+0	1.187221E-1	-8.500520E-1	-6.344622E-2
0.325145	-1.127166E+0	2.645213E-1	-8.024180E-1	-5.894029E-2
0.325149	-7.454502E-1	4.019523E-1	-7.312888E-1	-5.314696E-2
0.325153	-3.444230E-1	5.258656E-1	-6.385955E-1	-4.574436E-2
0.325157	6.368539E-2	6.352956E-1	-5.278785E-1	-3.705435E-2
0.325161	4.721162E-1	7.273455E-1	-4.026782E-1	-2.804249E-2
0.325165	8.696046E-1	7.942909E-1	-2.658912E-1	-1.806507E-2
0.325169	1.238770E+0	8.425689E-1	-1.213796E-1	-1.001877E-2
0.325173	1.568349E+0	8.638112E-1	2.699424E-2	9.242081E-4
0.325177	1.857052E+0	8.625238E-1	1.740807E-1	1.057977E-2
0.325181	2.090397E+0	8.338789E-1	3.160177E-1	2.055719E-2
0.325185	2.261624E+0	7.788420E-1	4.486209E-1	2.989091E-2
0.325189	2.366871E+0	7.038502E-1	5.673846E-1	3.761536E-2
0.325193	2.409034E+0	6.072944E-1	6.706994E-1	4.147759E-2
0.325197	2.372986E+0	4.920711E-1	7.543812E-1	4.662722E-2
0.325201	2.271280E+0	3.633300E-1	8.158551E-1	5.113315E-2
0.325205	2.102306E+0	2.249334E-1	8.535119E-1	5.370797E-2
0.325209	1.871858E+0	8.267468E-2	8.663860E-1	5.660464E-2
0.325213	1.586051E+0	-6.408993E-2	8.538338E-1	5.853576E-2
0.325217	1.253898E+0	-2.089234E-1	8.161769E-1	5.370797E-2
0.325221	8.889158E-1	-3.479634E-1	7.537374E-1	4.759278E-2
0.325225	4.946459E-1	-4.776697E-1	6.690901E-1	4.212129E-2
0.325229	8.718061E-2	-5.932144E-1	5.654535E-1	3.536239E-2
0.325233	-3.231808E-1	-6.933103E-1	4.454024E-1	2.506312E-2
0.325237	-7.254954E-1	-7.708765E-1	3.118336E-1	1.412015E-2
0.325241	-1.106568E+0	-8.255913E-1	1.698967E-1	5.751991E-3
0.325245	-1.454810E+0	-8.600294E-1	2.248831E-2	-6.478392E-3
0.325249	-1.759282E+0	-8.674320E-1	-1.265292E-1	-1.420284E-2
0.325253	-2.016119E+0	-8.503738E-1	-2.707189E-1	-2.707693E-2
0.325257	-2.212126E+0	-8.062802E-1	-4.075060E-1	-3.576694E-2
0.325261	-2.346016E+0	-7.383695E-1	-5.317408E-1	-4.284769E-2
0.325265	-2.409742E+0	-6.508259E-1	-6.414922E-1	-5.057214E-2
0.325269	-2.402018E+0	-5.404308E-1	-7.325762E-1	-5.314696E-2
0.325273	-2.327026E+0	-4.184489E-1	-8.030617E-1	-5.700918E-2
0.325277	-2.181872E+0	-2.813400E-1	-8.500520E-1	-5.990585E-2
0.325281	-1.976531E+0	-1.403689E-1	-8.729034E-1	-6.280252E-2
0.325285	-1.709395E+0	8.970513E-3	-8.696849E-1	-6.376808E-2
0.325289	-1.394302E+0	1.538040E-1	-8.413620E-1	-6.119326E-2
0.325293	-1.038657E+0	2.986376E-1	-7.882565E-1	-5.765289E-2
0.325297	-6.517914E-1	4.318846E-1	-7.113340E-1	-4.992843E-2
0.325301	-2.485111E-1	5.516138E-1	-6.147785E-1	-4.381324E-2
0.325305	1.589537E-1	6.575034E-1	-5.001993E-1	-3.512324E-2
0.325309	5.677065E-1	7.444037E-1	-3.717804E-1	-2.675508E-2
0.325313	9.565049E-1	8.078088E-1	-2.324186E-1	-1.581211E-2
0.325317	1.319234E+0	8.509371E-1	-8.694143E-2	-7.443949E-3
0.325321	1.640766E+0	8.676735E-1	6.078872E-2	2.855321E-3
0.325325	1.917561E+0	8.570523E-1	2.078752E-1	1.315459E-2
0.325329	2.137710E+0	8.242233E-1	3.475592E-1	2.152275E-2
0.325333	2.292200E+0	7.656460E-1	4.775877E-1	3.278758E-2
0.325337	2.383285E+0	6.803550E-1	5.940984E-1	4.051203E-2
0.325341	2.404850E+0	5.831554E-1	6.922635E-1	4.437426E-2
0.325345	2.354318E+0	4.631043E-1	7.714394E-1	4.662722E-2
0.325349	2.236519E+0	3.333977E-1	8.267981E-1	5.209871E-2
0.325353	2.053706E+0	1.898515E-1	8.593053E-1	5.563909E-2
0.325357	1.810383E+0	4.727093E-2	8.657423E-1	5.982317E-2
0.325361	1.512668E+0	-9.852810E-2	8.473967E-1	5.692649E-2
0.325365	1.174400E+0	-2.407867E-1	8.039465E-1	5.242056E-2
0.325369	7.962221E-1	-3.791830E-1	7.363574E-1	4.662722E-2
0.325373	4.006649E-1	-5.072800E-1	6.465604E-1	3.954647E-2
0.325377	-7.765801E-3	-6.183189E-1	5.387397E-1	3.471869E-2
0.325381	-4.171615E-1	-7.106903E-1	4.151483E-1	2.281016E-2
0.325385	-8.156139E-1	-7.869691E-1	2.799702E-1	1.412015E-2
0.325389	-1.190249E+0	-8.381435E-1	1.361022E-1	2.533469E-3
0.325393	-1.531411E+0	-8.626042E-1	-1.227173E-2	-7.765801E-3
0.325397	-1.825905E+0	-8.651790E-1	-1.596800E-1	-1.903063E-2
0.325401	-2.069868E+0	-8.410401E-1	-3.041915E-1	-2.836434E-2
0.325405	-2.251713E+0	-7.953372E-1	-4.377600E-1	-3.801991E-2
0.325409	-2.365970E+0	-7.177710E-1	-5.594200E-1	-4.574436E-2
0.325413	-2.414570E+0	-6.244340E-1	-6.653092E-1	-4.992843E-2
0.325417	-2.391397E+0	-5.117860E-1	-7.512436E-1	-5.475622E-2
0.325421	-2.301278E+0	-3.852982E-1	-8.162576E-1	-5.990585E-2
0.325425	-2.140353E+0	-2.465800E-1	-8.571327E-1	-6.408993E-2
0.325429	-1.919241E+0	-1.020685E-1	-8.741908E-1	-6.473363E-2
0.325433	-1.639231E+0	4.308685E-2	-8.651790E-1	-6.344622E-2
0.325437	-1.317380E+0	1.882422E-1	-8.317064E-1	-6.087141E-2
0.325441	-9.485385E-1	3.295355E-1	-7.715202E-1	-5.379066E-2
0.325445	-5.587763E-1	4.614950E-1	-6.900918E-1	-4.703177E-2
0.325449	-1.525993E-1	5.773620E-1	-5.890304E-1	-4.284769E-2
0.325453	2.542220E-1	6.793894E-1	-4.709108E-1	-3.158286E-2
0.325457	6.587908E-1	7.627493E-1	-3.399171E-1	-2.385841E-2
0.325461	1.043405E+0	8.210047E-1	-1.989459E-1	-1.323729E-2
0.325465	1.398410E+0	8.554430E-1	-5.185955E-2	-4.547279E-3
0.325469	1.712861E+0	8.663860E-1	9.619247E-2	8.648661E-3
0.325473	1.972920E+0	8.502934E-1	2.416697E-1	1.830423E-2
0.325477	2.181482E+0	8.119929E-1	3.794226E-1	2.538498E-2
0.325481	2.320523E+0	7.476222E-1	5.068763E-1	3.278758E-2
0.325485	2.394228E+0	6.613656E-1	6.182374E-1	4.083388E-2
0.325489	2.401309E+0	5.532231E-1	7.125403E-1	4.437426E-2
0.325493	2.332754E+0	4.328502E-1	7.862446E-1	5.048945E-2
0.325497	2.201115E+0	2.989595E-1	8.367755E-1	5.306427E-2
0.325501	2.001887E+0	1.589537E-1	8.628457E-1	5.402982E-2
0.325505	1.746334E+0	1.315459E-2	8.641331E-1	6.014502E-2
0.325509	1.436711E+0	-1.320007E-1	8.396722E-1	5.757020E-2
0.325513	1.088143E+0	-2.736156E-1	7.904287E-1	5.177686E-2
0.325517	7.083562E-1	-4.113682E-1	7.173681E-1	4.630537E-2
0.325521	3.024999E-1	-5.362467E-1	6.230651E-1	3.793721E-2
0.325525	-1.036777E-1	-6.405266E-1	5.110604E-1	3.021276E-2
0.325529	-5.130734E-1	-7.312888E-1	3.842504E-1	1.959164E-2
0.325533	-9.073415E-1	-8.008087E-1	2.468194E-1	9.936070E-3
0.325537	-1.274574E+0	-8.455461E-1	1.013421E-1	-4.134846E-5
0.325541	-1.605759E+0	-8.648571E-1	-4.735362E-2	-9.375062E-3
0.325545	-1.888987E+0	-8.613168E-1	-1.941182E-1	-2.192730E-2
0.325549	-2.114605E+0	-8.333157E-1	-3.357330E-1	-2.932990E-2
0.325553	-2.283898E+0	-7.776354E-1	-4.670486E-1	-3.930731E-2
0.325557	-2.383350E+0	-6.978162E-1	-5.854900E-1	-4.670991E-2
0.325561	-2.415214E+0	-5.999733E-1	-6.868733E-1	-5.089399E-2
0.325565	-2.375948E+0	-4.853941E-1	-7.683017E-1	-5.572177E-2
0.325569	-2.268450E+0	-3.544004E-1	-8.281661E-1	-5.894029E-2
0.325573	-2.090466E+0	-2.153604E-1	-8.638916E-1	-6.183696E-2
0.325577	-1.858090E+0	-6.988327E-2	-8.738690E-1	-6.441178E-2
0.325581	-1.567458E+0	7.720319E-2	-8.593857E-1	-6.151511E-2
0.325585	-1.231446E+0	2.223586E-1	-8.188324E-1	-5.990585E-2
0.325589	-8.603512E-1	3.620426E-1	-7.544621E-1	-5.250325E-2
0.325593	-4.664049E-1	4.923929E-1	-6.678840E-1	-4.670991E-2
0.325597	-5.797474E-2	6.034321E-1	-5.629604E-1	-3.962917E-2
0.325601	3.520652E-1	7.006317E-1	-4.413004E-1	-3.029545E-2
0.325605	7.524500E-1	7.781983E-1	-3.077319E-1	-2.128359E-2
0.325609	1.131915E+0	8.303385E-1	-1.648296E-1	-1.323729E-2
0.325613	1.475011E+0	8.596271E-1	-1.677766E-2	-2.294314E-3
0.325617	1.777554E+0	8.657423E-1	1.312744E-1	8.648661E-3
0.325621	2.027957E+0	8.461093E-1	2.751424E-1	1.894793E-2
0.325625	2.218174E+0	8.007280E-1	4.109642E-1	2.828165E-2
0.325629	2.343697E+0	7.286329E-1	5.339119E-1	3.407499E-2
0.325633	2.403562E+0	6.404452E-1	6.420545E-1	4.051203E-2
0.325637	2.389722E+0	5.268312E-1	7.321733E-1	4.533981E-2
0.325641	2.308293E+0	4.038834E-1	8.000843E-1	5.177686E-2
0.325645	2.159274E+0	2.683835E-1	8.454656E-1	5.370797E-2
0.325649	1.946206E+0	1.245155E-1	8.657423E-1	5.853576E-2
0.325653	1.676814E+0	-1.903063E-2	8.609145E-1	5.950131E-2
0.325657	1.358178E+0	-1.664389E-1	8.306603E-1	5.531723E-2
0.325661	1.000599E+0	-3.083756E-1	7.753016E-1	5.209871E-2
0.325665	6.127659E-1	-4.406567E-1	6.970913E-1	4.405241E-2
0.325669	2.075534E-1	-5.619948E-1	5.982825E-1	3.825906E-2
0.325673	-2.005552E-1	-6.659529E-1	4.827373E-1	2.731609E-2
0.325677	-6.080196E-1	-7.493125E-1	3.530307E-1	1.669497E-2
0.325681	-9.977818E-1	-8.130391E-1	2.130249E-1	9.614218E-3
0.325685	-1.354393E+0	-8.535923E-1	6.626021E-2	-2.294314E-3
0.325689	-1.673347E+0	-8.690412E-1	-8.211365E-2	-1.291544E-2
0.325693	-1.946921E+0	-8.580983E-1	-2.279126E-1	-2.450211E-2
0.325697	-2.161917E+0	-8.210853E-1	-3.682401E-1	-3.383583E-2
0.325701	-2.313187E+0	-7.631521E-1	-4.966589E-1	-4.188213E-2
0.325705	-2.396224E+0	-6.785051E-1	-6.109163E-1	-4.767547E-2
0.325709	-2.412961E+0	-5.742252E-1	-7.081155E-1	-5.411251E-2
0.325713	-2.356959E+0	-4.541745E-1	-7.843943E-1	-5.765289E-2
0.325717	-2.233046E+0	-3.212497E-1	-8.381435E-1	-6.022770E-2
0.325721	-2.042832E+0	-1.806004E-1	-8.680757E-1	-6.183696E-2
0.325725	-1.792432E+0	-3.705435E-2	-8.729034E-1	-6.248067E-2
0.325729	-1.494398E+0	1.106758E-1	-8.523049E-1	-6.312437E-2
0.325733	-1.151627E+0	2.551875E-1	-8.059583E-1	-5.894029E-2
0.325737	-7.731295E-1	3.929404E-1	-7.364384E-1	-5.057214E-2
0.325741	-3.695275E-1	5.194285E-1	-6.456762E-1	-4.574436E-2
0.325745	4.019018E-2	6.288585E-1	-5.352811E-1	-3.608879E-2
0.325749	4.466898E-1	7.215521E-1	-4.107245E-1	-2.900804E-2
0.325753	8.438563E-1	7.917161E-1	-2.749030E-1	-2.063989E-2
0.325757	1.213666E+0	8.406378E-1	-1.307133E-1	-8.087653E-3
0.325761	1.549038E+0	8.650986E-1	1.733867E-2	-3.632007E-4
0.325765	1.842247E+0	8.631675E-1	1.653907E-1	1.122348E-2
0.325769	2.077523E+0	8.387067E-1	3.070058E-1	2.023534E-2
0.325773	2.254221E+0	7.833479E-1	4.405746E-1	2.924720E-2
0.325777	2.363652E+0	7.089999E-1	5.606257E-1	3.825906E-2
0.325781	2.405493E+0	6.130877E-1	6.642623E-1	4.212129E-2
0.325785	2.376526E+0	5.001174E-1	7.501971E-1	4.823648E-2
0.325789	2.279326E+0	3.729856E-1	8.129584E-1	5.338612E-2
0.325793	2.113892E+0	2.316923E-1	8.522245E-1	5.596094E-2
0.325797	1.886341E+0	9.136469E-2	8.663860E-1	5.885761E-2
0.325801	1.607293E+0	-5.507807E-2	8.554430E-1	5.853576E-2
0.325805	1.279324E+0	-2.005552E-1	8.190736E-1	5.563909E-2
0.325809	9.114455E-1	-3.386297E-1	7.585652E-1	4.920204E-2
0.325813	5.200722E-1	-4.699452E-1	6.755272E-1	4.212129E-2
0.325817	1.100321E-1	-5.864555E-1	5.725342E-1	3.664980E-2
0.325821	-2.974326E-1	-6.871951E-1	4.531269E-1	2.248831E-2
0.325825	-6.991036E-1	-7.657269E-1	3.208455E-1	1.412015E-2
0.325829	-1.083394E+0	-8.233383E-1	1.789085E-1	5.751991E-3
0.325833	-1.432281E+0	-8.580983E-1	3.214387E-2	-4.225427E-3
0.325837	-1.743189E+0	-8.683975E-1	-1.162300E-1	-1.645581E-2
0.325841	-2.000992E+0	-8.494083E-1	-2.620289E-1	-2.772064E-2
0.325845	-2.203758E+0	-8.101424E-1	-3.991378E-1	-3.512324E-2
0.325849	-2.339900E+0	-7.422317E-1	-5.243382E-1	-4.413510E-2
0.325853	-2.407489E+0	-6.553318E-1	-6.353770E-1	-4.992843E-2
0.325857	-2.406202E+0	-5.471896E-1	-7.274265E-1	-5.346881E-2
0.325861	-2.334107E+0	-4.242423E-1	-7.991994E-1	-5.797474E-2
0.325865	-2.192171E+0	-2.880989E-1	-8.477990E-1	-6.215882E-2
0.325869	-1.989405E+0	-1.455185E-1	-8.719379E-1	-6.280252E-2
0.325873	-1.727740E+0	-1.328757E-3	-8.706505E-1	-6.215882E-2
0.325877	-1.416188E+0	1.467233E-1	-8.432931E-1	-6.215882E-2
0.325881	-1.061186E+0	2.886602E-1	-7.917969E-1	-5.829659E-2
0.325885	-6.778614E-1	4.222290E-1	-7.161617E-1	-4.896288E-2
0.325889	-2.742593E-1	5.471079E-1	-6.208937E-1	-3.930731E-2
0.325893	1.354585E-1	6.523538E-1	-5.076019E-1	-3.576694E-2
0.325897	5.426019E-1	7.411852E-1	-3.798267E-1	-2.514582E-2
0.325901	9.330097E-1	8.033028E-1	-2.411086E-1	-1.516840E-2
0.325905	1.297670E+0	8.490060E-1	-9.595329E-2	-7.765801E-3
0.325909	1.623386E+0	8.644549E-1	5.242056E-2	2.211617E-3
0.325913	1.901146E+0	8.583397E-1	1.995071E-1	1.508571E-2
0.325917	2.125157E+0	8.274418E-1	3.398348E-1	2.248831E-2
0.325921	2.284798E+0	7.701520E-1	4.705069E-1	3.246572E-2
0.325925	2.380710E+0	6.887231E-1	5.873395E-1	3.761536E-2
0.325929	2.404206E+0	5.889487E-1	6.871139E-1	4.373055E-2
0.325933	2.360112E+0	4.701851E-1	7.669334E-1	4.823648E-2
0.325937	2.244887E+0	3.398348E-1	8.242233E-1	5.338612E-2
0.325941	2.065292E+0	2.014382E-1	8.583397E-1	5.757020E-2
0.325945	1.826154E+0	5.596094E-2	8.660642E-1	5.660464E-2
0.325949	1.532945E+0	-8.822884E-2	8.493278E-1	5.982317E-2
0.325953	1.194998E+0	-2.330623E-1	8.078088E-1	5.402982E-2
0.325957	8.219703E-1	-3.711367E-1	7.408633E-1	4.727093E-2
0.325961	4.231946E-1	-4.995556E-1	6.526756E-1	4.019018E-2
0.325965	1.605126E-2	-6.112381E-1	5.461423E-1	3.407499E-2
0.325969	-3.914134E-1	-7.065062E-1	4.228727E-1	2.345386E-2
0.325973	-7.934061E-1	-7.824632E-1	2.883384E-1	1.218904E-2
0.325977	-1.167719E+0	-8.349250E-1	1.447922E-1	3.177174E-3
0.325981	-1.509847E+0	-8.645353E-1	-2.938018E-3	-8.087653E-3
0.325985	-1.810456E+0	-8.680757E-1	-1.513118E-1	-1.903063E-2
0.325989	-2.056350E+0	-8.481209E-1	-2.955015E-1	-2.578952E-2
0.325993	-2.242058E+0	-7.963028E-1	-4.300356E-1	-3.641064E-2
0.325997	-2.360177E+0	-7.245299E-1	-5.523393E-1	-4.123843E-2
0.326001	-2.414570E+0	-6.347333E-1	-6.591940E-1	-4.992843E-2
0.326005	-2.394937E+0	-5.207978E-1	-7.470595E-1	-5.668733E-2
0.326009	-2.306750E+0	-3.936664E-1	-8.130391E-1	-5.829659E-2
0.326013	-2.151296E+0	-2.533389E-1	-8.561672E-1	-6.151511E-2
0.326017	-1.933725E+0	-1.117240E-1	-8.738690E-1	-6.344622E-2
0.326021	-1.658220E+0	3.214387E-2	-8.664664E-1	-6.408993E-2
0.326025	-1.335082E+0	1.782648E-1	-8.339594E-1	-6.183696E-2
0.326029	-9.752522E-1	3.218110E-1	-7.766698E-1	-5.475622E-2
0.326033	-5.845244E-1	4.547361E-1	-6.965288E-1	-4.703177E-2
0.326037	-1.786693E-1	5.715687E-1	-5.961111E-1	-4.252584E-2
0.326041	2.307268E-1	6.745616E-1	-4.792789E-1	-3.254842E-2
0.326045	6.359393E-1	7.572778E-1	-3.482852E-1	-2.482397E-2
0.326049	1.020554E+0	8.190736E-1	-2.076359E-1	-1.549025E-2
0.326053	1.378133E+0	8.541556E-1	-6.183696E-2	-5.190984E-3
0.326057	1.691297E+0	8.673516E-1	8.653690E-2	5.751991E-3
0.326061	1.958437E+0	8.544775E-1	2.329797E-1	1.637311E-2
0.326065	2.170217E+0	8.164988E-1	3.713763E-1	2.377571E-2
0.326069	2.312477E+0	7.514845E-1	4.988300E-1	3.375313E-2
0.326073	2.394550E+0	6.678027E-1	6.121221E-1	3.986833E-2
0.326077	2.399700E+0	5.638442E-1	7.073906E-1	4.340870E-2
0.326081	2.338869E+0	4.415402E-1	7.817387E-1	4.984575E-2
0.326085	2.208840E+0	3.082932E-1	8.345226E-1	5.113315E-2
0.326089	2.013796E+0	1.689311E-1	8.618801E-1	5.596094E-2
0.326093	1.761783E+0	2.345386E-2	8.644549E-1	5.757020E-2
0.326097	1.458597E+0	-1.242763E-1	8.419252E-1	5.596094E-2
0.326101	1.110351E+0	-2.646037E-1	7.939691E-1	5.274242E-2
0.326105	7.312077E-1	-4.023564E-1	7.218740E-1	4.662722E-2
0.326109	3.272825E-1	-5.282004E-1	6.298241E-1	4.147759E-2
0.326113	-7.953883E-2	-6.340896E-1	5.184630E-1	2.989091E-2
0.326117	-4.873252E-1	-7.280703E-1	3.926186E-1	2.152275E-2
0.326121	-8.828808E-1	-7.963028E-1	2.548657E-1	1.218904E-2
0.326125	-1.252366E+0	-8.432931E-1	1.097103E-1	6.023559E-4
0.326129	-1.583873E+0	-8.645353E-1	-3.769805E-2	-1.130618E-2
0.326133	-1.871929E+0	-8.638916E-1	-1.857500E-1	-1.967433E-2
0.326137	-2.102375E+0	-8.358905E-1	-3.273649E-1	-3.061731E-2
0.326141	-2.276174E+0	-7.834287E-1	-4.596460E-1	-3.737620E-2
0.326145	-2.379810E+0	-7.071499E-1	-5.790530E-1	-4.445695E-2
0.326149	-2.417145E+0	-6.076978E-1	-6.817236E-1	-5.218140E-2
0.326153	-2.379810E+0	-4.905437E-1	-7.641176E-1	-5.572177E-2
0.326157	-2.275852E+0	-3.637341E-1	-8.252694E-1	-5.894029E-2
0.326161	-2.106559E+0	-2.214756E-1	-8.616386E-1	-5.958400E-2
0.326165	-1.873539E+0	-7.825142E-2	-8.745127E-1	-6.376808E-2
0.326169	-1.585804E+0	6.819132E-2	-8.606731E-1	-6.312437E-2
0.326173	-1.254297E+0	2.136686E-1	-8.230165E-1	-5.829659E-2
0.326177	-8.844901E-1	3.514214E-1	-7.596117E-1	-5.411251E-2
0.326181	-4.892563E-1	4.846684E-1	-6.743210E-1	-4.767547E-2
0.326185	-8.146994E-2	5.957077E-1	-5.703630E-1	-3.995102E-2
0.326189	3.256732E-1	6.954821E-1	-4.493467E-1	-3.158286E-2
0.326193	7.270236E-1	7.711175E-1	-3.161001E-1	-2.224915E-2
0.326197	1.109063E+0	8.293729E-1	-1.744852E-1	-1.323729E-2
0.326201	1.455700E+0	8.599490E-1	-2.643323E-2	-3.259870E-3
0.326205	1.760818E+0	8.663860E-1	1.216188E-1	7.039400E-3
0.326209	2.014439E+0	8.470748E-1	2.667742E-1	1.605126E-2
0.326213	2.208840E+0	8.029810E-1	4.022742E-1	2.602868E-2
0.326217	2.340800E+0	7.353918E-1	5.274749E-1	3.504054E-2
0.326221	2.401953E+0	6.455948E-1	6.362611E-1	3.954647E-2
0.326225	2.393907E+0	5.361649E-1	7.273455E-1	4.694908E-2
0.326229	2.315696E+0	4.125734E-1	7.968658E-1	5.048945E-2
0.326233	2.171183E+0	2.744987E-1	8.432126E-1	5.531723E-2
0.326237	1.961011E+0	1.335273E-1	8.657423E-1	5.789205E-2
0.326241	1.695481E+0	-9.696914E-3	8.615582E-1	5.885761E-2
0.326245	1.380708E+0	-1.561396E-1	8.332352E-1	5.531723E-2
0.326249	1.021841E+0	-3.003293E-1	7.794857E-1	5.209871E-2
0.326253	6.375485E-1	-4.319667E-1	7.019191E-1	4.373055E-2
0.326257	2.316923E-1	-5.552359E-1	6.047195E-1	3.793721E-2
0.326261	-1.760945E-1	-6.588722E-1	4.898181E-1	2.892535E-2
0.326265	-5.825933E-1	-7.464158E-1	3.613989E-1	1.701682E-2
0.326269	-9.720337E-1	-8.101424E-1	2.220367E-1	9.614218E-3
0.326273	-1.334116E+0	-8.516612E-1	7.623763E-2	-2.616166E-3
0.326277	-1.656933E+0	-8.677538E-1	-7.213623E-2	-1.194988E-2
0.326281	-1.931150E+0	-8.606731E-1	-2.195445E-1	-2.482397E-2
0.326285	-2.148399E+0	-8.246257E-1	-3.592282E-1	-3.093916E-2
0.326289	-2.302888E+0	-7.641176E-1	-4.882908E-1	-3.962917E-2
0.326293	-2.395581E+0	-6.833329E-1	-6.041574E-1	-4.896288E-2
0.326297	-2.414570E+0	-5.816278E-1	-7.026440E-1	-5.185955E-2
0.326301	-2.361786E+0	-4.644737E-1	-7.802102E-1	-5.572177E-2
0.326305	-2.242058E+0	-3.305834E-1	-8.355687E-1	-5.894029E-2
0.326309	-2.055706E+0	-1.892904E-1	-8.671101E-1	-6.151511E-2
0.326313	-1.812387E+0	-4.574436E-2	-8.732253E-1	-6.569919E-2
0.326317	-1.513066E+0	1.013421E-1	-8.542360E-1	-6.344622E-2
0.326321	-1.171581E+0	2.468194E-1	-8.094987E-1	-5.765289E-2
0.326325	-7.946935E-1	3.836067E-1	-7.412662E-1	-5.218140E-2
0.326329	-3.972067E-1	5.126696E-1	-6.514696E-1	-4.477880E-2
0.326333	1.186718E-2	6.204903E-1	-5.426837E-1	-3.834176E-2
0.326337	4.215853E-1	7.164025E-1	-4.190926E-1	-2.997360E-2
0.326341	8.197173E-1	7.891413E-1	-2.832712E-1	-1.999618E-2
0.326345	1.192102E+0	8.383848E-1	-1.394033E-1	-1.001877E-2
0.326349	1.532945E+0	8.634894E-1	8.004956E-3	-4.134846E-5
0.326353	1.822292E+0	8.641331E-1	1.557352E-1	9.614218E-3
0.326357	2.064327E+0	8.383848E-1	2.986376E-1	1.798237E-2
0.326361	2.245853E+0	7.878539E-1	4.325283E-1	2.924720E-2
0.326365	2.359790E+0	7.151151E-1	5.541886E-1	3.729351E-2
0.326369	2.405171E+0	6.198466E-1	6.587908E-1	4.276500E-2
0.326373	2.380710E+0	5.075200E-1	7.453693E-1	4.888019E-2
0.326377	2.285763E+0	3.800663E-1	8.097399E-1	5.242056E-2
0.326381	2.127088E+0	2.410260E-1	8.499715E-1	5.531723E-2
0.326385	1.904365E+0	9.973285E-2	8.660642E-1	5.917946E-2
0.326389	1.624995E+0	-4.703177E-2	8.573741E-1	5.724835E-2
0.326393	1.301854E+0	-1.912215E-1	8.226140E-1	5.563909E-2
0.326397	9.342971E-1	-3.312271E-1	7.630712E-1	5.016760E-2
0.326401	5.419582E-1	-4.628645E-1	6.813205E-1	4.276500E-2
0.326405	1.373896E-1	-5.787311E-1	5.789713E-1	3.729351E-2
0.326409	-2.720063E-1	-6.814018E-1	4.611732E-1	2.763794E-2
0.326413	-6.778614E-1	-7.628302E-1	3.298573E-1	1.798237E-2
0.326417	-1.058612E+0	-8.214072E-1	1.879204E-1	6.073843E-3
0.326421	-1.411361E+0	-8.571327E-1	4.115574E-2	-5.512836E-3
0.326425	-1.726453E+0	-8.680757E-1	-1.072181E-1	-1.549025E-2
0.326429	-1.987474E+0	-8.523049E-1	-2.533389E-1	-2.804249E-2
0.326433	-2.193137E+0	-8.136828E-1	-3.904478E-1	-3.383583E-2
0.326437	-2.332176E+0	-7.483469E-1	-5.169356E-1	-4.381324E-2
0.326441	-2.404271E+0	-6.617688E-1	-6.289400E-1	-4.992843E-2
0.326445	-2.409742E+0	-5.558796E-1	-7.225988E-1	-5.218140E-2
0.326449	-2.338935E+0	-4.319667E-1	-7.953372E-1	-5.668733E-2
0.326453	-2.204723E+0	-2.990419E-1	-8.452242E-1	-5.990585E-2
0.326457	-2.004532E+0	-1.554959E-1	-8.709723E-1	-6.312437E-2
0.326461	-1.744155E+0	-1.001877E-2	-8.706505E-1	-6.537734E-2
0.326465	-1.436787E+0	1.357803E-1	-8.458679E-1	-6.248067E-2
0.326469	-1.085969E+0	2.819013E-1	-7.959809E-1	-5.700918E-2
0.326473	-7.016784E-1	4.170794E-1	-7.219551E-1	-5.121584E-2
0.326477	-2.987201E-1	5.400271E-1	-6.276526E-1	-4.638806E-2
0.326481	1.071355E-1	6.446293E-1	-5.146826E-1	-3.544509E-2
0.326485	5.155663E-1	7.360355E-1	-3.888386E-1	-2.739878E-2
0.326489	9.101581E-1	8.007280E-1	-2.504423E-1	-1.677766E-2
0.326493	1.274174E+0	8.464311E-1	-1.052870E-1	-7.443949E-3
0.326497	1.606006E+0	8.644549E-1	4.308685E-2	2.533469E-3
0.326501	1.885375E+0	8.605927E-1	1.901734E-1	1.379830E-2
0.326505	2.113571E+0	8.316259E-1	3.308229E-1	2.184460E-2
