0.936205	-4.542250E-2	2.934880E-1	-8.101424E-1	-1.029645E+0
0.936215	1.081010E-1	3.021780E-1	-6.814018E-1	-9.105600E-1
0.936225	2.651650E-1	3.102243E-1	-5.487989E-1	-7.917969E-1
0.936235	4.199761E-1	3.160177E-1	-4.145867E-1	-6.656310E-1
0.936245	5.689939E-1	3.214892E-1	-2.784434E-1	-5.384996E-1
0.936255	7.218740E-1	3.224547E-1	-1.406907E-1	-4.087934E-1
0.936265	8.708920E-1	3.285699E-1	-1.972462E-3	-2.761904E-1
0.936275	1.014117E+0	3.266388E-1	1.354585E-1	-1.423000E-1
0.936285	1.153801E+0	3.259951E-1	2.732113E-1	-6.478392E-3
0.936295	1.289623E+0	3.243858E-1	4.087112E-1	1.254810E-1
0.936305	1.420296E+0	3.198799E-1	5.419582E-1	2.561531E-1
0.936315	1.545175E+0	3.156958E-1	6.732742E-1	3.906875E-1
0.936325	1.665227E+0	3.102243E-1	8.007280E-1	5.181411E-1
0.936335	1.776267E+0	3.037873E-1	9.268944E-1	6.449511E-1
0.936345	1.883766E+0	2.934880E-1	1.048233E+0	7.704738E-1
0.936355	1.979357E+0	2.844761E-1	1.165388E+0	8.882721E-1
0.936365	2.066580E+0	2.732113E-1	1.277393E+0	1.004783E+0
0.936375	2.151549E+0	2.629120E-1	1.384248E+0	1.118397E+0
0.936385	2.223967E+0	2.519690E-1	1.485632E+0	1.227827E+0
0.936395	2.288982E+0	2.355545E-1	1.581867E+0	1.328246E+0
0.936405	2.344663E+0	2.210712E-1	1.671986E+0	1.427699E+0
0.936415	2.388757E+0	2.069097E-1	1.754703E+0	1.516209E+0
0.936425	2.427701E+0	1.895297E-1	1.830660E+0	1.607293E+0
0.936435	2.454094E+0	1.731152E-1	1.899537E+0	1.685826E+0
0.936445	2.470830E+0	1.554133E-1	1.961655E+0	1.760496E+0
0.936455	2.480808E+0	1.393207E-1	2.016049E+0	1.824867E+0
0.936465	2.477267E+0	1.174347E-1	2.062074E+0	1.888916E+0
0.936475	2.466646E+0	1.006984E-1	2.100696E+0	1.939447E+0
0.936485	2.443794E+0	7.784689E-2	2.130629E+0	1.984829E+0
0.936495	2.412896E+0	6.304169E-2	2.152193E+0	2.021198E+0
0.936505	2.370733E+0	3.858092E-2	2.164746E+0	2.054993E+0
0.936515	2.319880E+0	2.023534E-2	2.168930E+0	2.076557E+0
0.936525	2.261946E+0	2.805037E-4	2.165389E+0	2.086857E+0
0.936535	2.195322E+0	-1.935248E-2	2.152837E+0	2.092328E+0
0.936545	2.114858E+0	-4.027287E-2	2.130951E+0	2.090075E+0
0.936555	2.032463E+0	-5.926215E-2	2.101340E+0	2.078488E+0
0.936565	1.941378E+0	-8.340106E-2	2.062396E+0	2.056924E+0
0.936575	1.835810E+0	-9.981551E-2	2.015405E+0	2.029888E+0
0.936585	1.730563E+0	-1.178392E-1	1.961011E+0	1.992231E+0
0.936595	1.611477E+0	-1.410126E-1	1.898250E+0	1.947172E+0
0.936605	1.493357E+0	-1.558178E-1	1.828407E+0	1.894709E+0
0.936615	1.363006E+0	-1.728759E-1	1.751484E+0	1.834522E+0
0.936625	1.230724E+0	-1.889685E-1	1.667480E+0	1.766933E+0
0.936635	1.093293E+0	-2.082797E-1	1.577039E+0	1.692906E+0
0.936645	9.503897E-1	-2.263034E-1	1.480161E+0	1.612121E+0
0.936655	8.045902E-1	-2.359589E-1	1.376846E+0	1.526186E+0
0.936665	6.536412E-1	-2.491549E-1	1.269990E+0	1.435101E+0
0.936675	5.030140E-1	-2.662130E-1	1.157020E+0	1.332430E+0
0.936685	3.491685E-1	-2.758686E-1	1.039221E+0	1.230080E+0
0.936695	1.946793E-1	-2.842367E-1	9.182044E-1	1.122903E+0
0.936705	4.147759E-2	-2.922830E-1	7.933254E-1	1.009933E+0
0.936715	-1.130114E-1	-3.006512E-1	6.655497E-1	8.927780E-1
0.936725	-2.671786E-1	-3.099849E-1	5.345556E-1	7.765890E-1
0.936735	-4.252078E-1	-3.128815E-1	4.016305E-1	6.497789E-1
0.936745	-5.732596E-1	-3.189967E-1	2.661305E-1	5.229689E-1
0.936755	-7.261391E-1	-3.180312E-1	1.303088E-1	3.961590E-1
0.936765	-8.745127E-1	-3.244682E-1	-7.122097E-3	2.619464E-1
0.936775	-1.020955E+0	-3.257556E-1	-1.455185E-1	1.322399E-1
0.936785	-1.161926E+0	-3.260775E-1	-2.819838E-1	-2.294314E-3
0.936795	-1.296460E+0	-3.254338E-1	-4.174834E-1	-1.348974E-1
0.936805	-1.424878E+0	-3.186749E-1	-5.504082E-1	-2.668567E-1
0.936815	-1.549757E+0	-3.161001E-1	-6.814018E-1	-3.988160E-1
0.936825	-1.671094E+0	-3.099849E-1	-8.094987E-1	-5.272348E-1
0.936835	-1.781489E+0	-3.025823E-1	-9.343770E-1	-6.543662E-1
0.936845	-1.889953E+0	-2.929267E-1	-1.055715E+0	-7.798883E-1
0.936855	-1.984255E+0	-2.852023E-1	-1.172869E+0	-8.967204E-1
0.936865	-2.073086E+0	-2.736156E-1	-1.284551E+0	-1.013874E+0
0.936875	-2.158055E+0	-2.604197E-1	-1.391406E+0	-1.127166E+0
0.936885	-2.230793E+0	-2.530171E-1	-1.492789E+0	-1.233055E+0
0.936895	-2.296451E+0	-2.375682E-1	-1.588701E+0	-1.334438E+0
0.936905	-2.350200E+0	-2.211537E-1	-1.677853E+0	-1.432281E+0
0.936915	-2.396546E+0	-2.069922E-1	-1.760569E+0	-1.525940E+0
0.936925	-2.434846E+0	-1.899341E-1	-1.836526E+0	-1.613161E+0
0.936935	-2.460916E+0	-1.754507E-1	-1.905402E+0	-1.693624E+0
0.936945	-2.478296E+0	-1.567833E-1	-1.967197E+0	-1.765075E+0
0.936955	-2.486343E+0	-1.390815E-1	-2.020946E+0	-1.830411E+0
0.936965	-2.480871E+0	-1.184829E-1	-2.067615E+0	-1.892850E+0
0.936975	-2.471859E+0	-1.020685E-1	-2.105593E+0	-1.943702E+0
0.936985	-2.450295E+0	-8.050439E-2	-2.135525E+0	-1.990692E+0
0.936995	-2.418754E+0	-5.990585E-2	-2.157089E+0	-2.027705E+0
0.937005	-2.376913E+0	-3.930731E-2	-2.170285E+0	-2.059247E+0
0.937015	-2.327670E+0	-1.967433E-2	-2.174791E+0	-2.084029E+0
0.937025	-2.265231E+0	2.805037E-4	-2.170285E+0	-2.092719E+0
0.937035	-2.198286E+0	1.991349E-2	-2.157733E+0	-2.096903E+0
0.937045	-2.121364E+0	4.019018E-2	-2.136169E+0	-2.097225E+0
0.937055	-2.035751E+0	5.950131E-2	-2.106237E+0	-2.081776E+0
0.937065	-1.945633E+0	8.106541E-2	-2.067937E+0	-2.062465E+0
0.937075	-1.841032E+0	1.003766E-1	-2.020946E+0	-2.035108E+0
0.937085	-1.735465E+0	1.200095E-1	-1.966232E+0	-1.996486E+0
0.937095	-1.616380E+0	1.422174E-1	-1.903471E+0	-1.952070E+0
0.937105	-1.496329E+0	1.547696E-1	-1.833307E+0	-1.901862E+0
0.937115	-1.368233E+0	1.718278E-1	-1.757350E+0	-1.841997E+0
0.937125	-1.236595E+0	1.898515E-1	-1.672704E+0	-1.772477E+0
0.937135	-1.097234E+0	2.065878E-1	-1.582907E+0	-1.701027E+0
0.937145	-9.556192E-1	2.252553E-1	-1.485386E+0	-1.618955E+0
0.937155	-8.082113E-1	2.371638E-1	-1.384003E+0	-1.533020E+0
0.937165	-6.572629E-1	2.526127E-1	-1.275861E+0	-1.440971E+0
0.937175	-5.076019E-1	2.638776E-1	-1.162891E+0	-1.340232E+0
0.937185	-3.524693E-1	2.735331E-1	-1.045094E+0	-1.236274E+0
0.937195	-1.983022E-1	2.838324E-1	-9.240778E-1	-1.129097E+0
0.937205	-4.477880E-2	2.922006E-1	-7.991994E-1	-1.017415E+0
0.937215	1.100321E-1	3.008906E-1	-6.711025E-1	-8.983297E-1
0.937225	2.629120E-1	3.079714E-1	-5.401089E-1	-7.805321E-1
0.937235	4.209416E-1	3.153740E-1	-4.068623E-1	-6.553318E-1
0.937245	5.722124E-1	3.202018E-1	-2.703971E-1	-5.272348E-1
0.937255	7.225177E-1	3.198799E-1	-1.339318E-1	-4.004252E-1
0.937265	8.702483E-1	3.263169E-1	3.177174E-3	-2.678223E-1
0.937275	1.014760E+0	3.256732E-1	1.409299E-1	-1.365067E-1
0.937285	1.155089E+0	3.256732E-1	2.777172E-1	-1.328757E-3
0.937295	1.290911E+0	3.240640E-1	4.128953E-1	1.312744E-1
0.937305	1.424802E+0	3.195580E-1	5.464642E-1	2.600153E-1
0.937315	1.545497E+0	3.147303E-1	6.768146E-1	3.945497E-1
0.937325	1.664905E+0	3.099025E-1	8.049121E-1	5.236126E-1
0.937335	1.775623E+0	3.012125E-1	9.294693E-1	6.475260E-1
0.937345	1.882479E+0	2.922006E-1	1.050486E+0	7.733705E-1
0.937355	1.979679E+0	2.828669E-1	1.167319E+0	8.918124E-1
0.937365	2.068833E+0	2.732113E-1	1.279002E+0	1.008645E+0
0.937375	2.152837E+0	2.625902E-1	1.386180E+0	1.121616E+0
0.937385	2.223967E+0	2.519690E-1	1.487564E+0	1.226540E+0
0.937395	2.289304E+0	2.355545E-1	1.583154E+0	1.330177E+0
0.937405	2.344663E+0	2.207493E-1	1.672952E+0	1.429308E+0
0.937415	2.388757E+0	2.091626E-1	1.755668E+0	1.520071E+0
0.937425	2.427701E+0	1.885641E-1	1.831626E+0	1.607615E+0
0.937435	2.455059E+0	1.744026E-1	1.900825E+0	1.686791E+0
0.937445	2.472117E+0	1.541259E-1	1.962299E+0	1.761783E+0
0.937455	2.479842E+0	1.364240E-1	2.016692E+0	1.826476E+0
0.937465	2.475980E+0	1.167910E-1	2.062717E+0	1.889238E+0
0.937475	2.466002E+0	1.006984E-1	2.100696E+0	1.939447E+0
0.937485	2.443472E+0	8.009986E-2	2.130951E+0	1.987403E+0
0.937495	2.411609E+0	6.175428E-2	2.151549E+0	2.024095E+0
0.937505	2.370733E+0	3.858092E-2	2.164746E+0	2.056280E+0
0.937515	2.321811E+0	2.023534E-2	2.169573E+0	2.079132E+0
0.937525	2.261624E+0	1.889765E-3	2.165067E+0	2.085891E+0
0.937535	2.194356E+0	-2.353656E-2	2.152515E+0	2.093616E+0
0.937545	2.112927E+0	-4.027287E-2	2.130951E+0	2.089431E+0
0.937555	2.029245E+0	-5.926215E-2	2.101340E+0	2.078167E+0
0.937565	1.940091E+0	-8.082624E-2	2.062717E+0	2.060465E+0
0.937575	1.835166E+0	-9.981551E-2	2.015405E+0	2.028923E+0
0.937585	1.730563E+0	-1.217015E-1	1.961011E+0	1.990622E+0
0.937595	1.610512E+0	-1.394033E-1	1.898250E+0	1.945884E+0
0.937605	1.492391E+0	-1.558178E-1	1.828407E+0	1.894387E+0
0.937615	1.362040E+0	-1.741633E-1	1.750840E+0	1.833879E+0
0.937625	1.230724E+0	-1.918652E-1	1.667158E+0	1.765967E+0
0.937635	1.091683E+0	-2.069922E-1	1.576395E+0	1.694516E+0
0.937645	9.519990E-1	-2.237285E-1	1.479517E+0	1.611799E+0
0.937655	8.029810E-1	-2.362808E-1	1.377489E+0	1.525864E+0
0.937665	6.533193E-1	-2.494767E-1	1.269668E+0	1.433492E+0
0.937675	5.039796E-1	-2.646037E-1	1.156698E+0	1.335005E+0
0.937685	3.488466E-1	-2.742593E-1	1.039221E+0	1.230080E+0
0.937695	1.943574E-1	-2.835930E-1	9.172388E-1	1.121938E+0
0.937705	4.212129E-2	-2.922830E-1	7.930035E-1	1.010576E+0
0.937715	-1.130114E-1	-3.012949E-1	6.642623E-1	8.940654E-1
0.937725	-2.687878E-1	-3.086975E-1	5.342338E-1	7.740142E-1
0.937735	-4.232767E-1	-3.148126E-1	4.013086E-1	6.488134E-1
0.937745	-5.748689E-1	-3.189967E-1	2.658087E-1	5.210378E-1
0.937755	-7.277484E-1	-3.199623E-1	1.293433E-1	3.951934E-1
0.937765	-8.751564E-1	-3.267212E-1	-7.765801E-3	2.629120E-1
0.937775	-1.020955E+0	-3.270430E-1	-1.458404E-1	1.303088E-1
0.937785	-1.159029E+0	-3.241464E-1	-2.829493E-1	-4.225427E-3
0.937795	-1.296460E+0	-3.254338E-1	-4.181271E-1	-1.365067E-1
0.937805	-1.428097E+0	-3.212497E-1	-5.513737E-1	-2.649256E-1
0.937815	-1.551366E+0	-3.141689E-1	-6.820455E-1	-4.001034E-1
0.937825	-1.672060E+0	-3.112723E-1	-8.107861E-1	-5.285222E-1
0.937835	-1.784386E+0	-3.022604E-1	-9.353426E-1	-6.540444E-1
0.937845	-1.888344E+0	-2.932486E-1	-1.056359E+0	-7.802102E-1
0.937855	-1.985865E+0	-2.861678E-1	-1.172869E+0	-8.980078E-1
0.937865	-2.074374E+0	-2.729719E-1	-1.284873E+0	-1.014840E+0
0.937875	-2.158377E+0	-2.610634E-1	-1.391406E+0	-1.126522E+0
0.937885	-2.229828E+0	-2.530171E-1	-1.493433E+0	-1.233377E+0
0.937895	-2.295807E+0	-2.359589E-1	-1.588701E+0	-1.334438E+0
0.937905	-2.349234E+0	-2.208319E-1	-1.678497E+0	-1.435499E+0
0.937915	-2.397834E+0	-2.079578E-1	-1.760569E+0	-1.525940E+0
0.937925	-2.434846E+0	-1.880030E-1	-1.836848E+0	-1.611552E+0
0.937935	-2.460273E+0	-1.744852E-1	-1.905724E+0	-1.691371E+0
0.937945	-2.478618E+0	-1.561396E-1	-1.967519E+0	-1.767650E+0
0.937955	-2.485699E+0	-1.365067E-1	-2.021590E+0	-1.830732E+0
0.937965	-2.483124E+0	-1.178392E-1	-2.067937E+0	-1.893493E+0
0.937975	-2.470250E+0	-1.004592E-1	-2.106237E+0	-1.943058E+0
0.937985	-2.448364E+0	-7.953883E-2	-2.135203E+0	-1.991014E+0
0.937995	-2.417788E+0	-6.215882E-2	-2.156446E+0	-2.028027E+0
0.938005	-2.377235E+0	-3.769805E-2	-2.169963E+0	-2.058603E+0
0.938015	-2.327348E+0	-1.903063E-2	-2.174147E+0	-2.081776E+0
0.938025	-2.267806E+0	-2.294314E-3	-2.170285E+0	-2.091432E+0
0.938035	-2.199252E+0	2.184460E-2	-2.157089E+0	-2.098191E+0
0.938045	-2.121364E+0	3.793721E-2	-2.135847E+0	-2.095616E+0
0.938055	-2.034464E+0	5.982317E-2	-2.106237E+0	-2.079845E+0
0.938065	-1.944990E+0	8.331838E-2	-2.067615E+0	-2.064074E+0
0.938075	-1.840066E+0	1.013421E-1	-2.020303E+0	-2.033177E+0
0.938085	-1.734499E+0	1.196877E-1	-1.965910E+0	-1.995520E+0
0.938095	-1.616702E+0	1.412518E-1	-1.903793E+0	-1.951105E+0
0.938105	-1.496651E+0	1.557352E-1	-1.833951E+0	-1.900252E+0
0.938115	-1.366623E+0	1.760119E-1	-1.756707E+0	-1.841354E+0
0.938125	-1.234986E+0	1.927482E-1	-1.672704E+0	-1.772477E+0
0.938135	-1.096912E+0	2.085189E-1	-1.582264E+0	-1.700383E+0
0.938145	-9.565848E-1	2.230023E-1	-1.485386E+0	-1.619598E+0
0.938155	-8.066020E-1	2.352327E-1	-1.383038E+0	-1.532055E+0
0.938165	-6.579066E-1	2.510035E-1	-1.275218E+0	-1.440327E+0
0.938175	-5.069582E-1	2.651650E-1	-1.162570E+0	-1.341197E+0
0.938185	-3.524693E-1	2.732113E-1	-1.044772E+0	-1.236917E+0
0.938195	-1.970148E-1	2.841543E-1	-9.227904E-1	-1.127166E+0
0.938205	-4.477880E-2	2.934880E-1	-7.975902E-1	-1.017415E+0
0.938215	1.090666E-1	3.005687E-1	-6.711025E-1	-8.999389E-1
0.938225	2.654868E-1	3.082932E-1	-5.394652E-1	-7.818195E-1
0.938235	4.186886E-1	3.147303E-1	-4.062186E-1	-6.537225E-1
0.938245	5.696376E-1	3.176269E-1	-2.707189E-1	-5.262693E-1
0.938255	7.221959E-1	3.202018E-1	-1.342537E-1	-3.997815E-1
0.938265	8.702483E-1	3.259951E-1	4.142730E-3	-2.652475E-1
0.938275	1.015726E+0	3.272825E-1	1.418955E-1	-1.361848E-1
0.938285	1.154445E+0	3.253514E-1	2.786828E-1	-1.650609E-3
0.938295	1.291876E+0	3.253514E-1	4.135390E-1	1.296651E-1
0.938305	1.424480E+0	3.208455E-1	5.467860E-1	2.609809E-1
0.938315	1.547750E+0	3.134428E-1	6.771364E-1	3.948715E-1
0.938325	1.666836E+0	3.079714E-1	8.055558E-1	5.223252E-1
0.938335	1.776910E+0	3.012125E-1	9.301130E-1	6.478478E-1
0.938345	1.885697E+0	2.938098E-1	1.051130E+0	7.736923E-1
0.938355	1.979035E+0	2.825450E-1	1.167641E+0	8.921343E-1
0.938365	2.068511E+0	2.716020E-1	1.279324E+0	1.010898E+0
0.938375	2.153159E+0	2.632339E-1	1.386501E+0	1.121938E+0
0.938385	2.224932E+0	2.516472E-1	1.487885E+0	1.227827E+0
0.938395	2.288338E+0	2.342671E-1	1.583798E+0	1.330499E+0
0.938405	2.344019E+0	2.223586E-1	1.673273E+0	1.428664E+0
0.938415	2.391010E+0	2.078752E-1	1.755668E+0	1.520714E+0
0.938425	2.428989E+0	1.892078E-1	1.832269E+0	1.606650E+0
0.938435	2.453450E+0	1.750463E-1	1.901146E+0	1.685504E+0
0.938445	2.468899E+0	1.547696E-1	1.962621E+0	1.761140E+0
0.938455	2.478876E+0	1.377114E-1	2.016692E+0	1.826154E+0
0.938465	2.477589E+0	1.174347E-1	2.063361E+0	1.889238E+0
0.938475	2.465680E+0	9.973285E-2	2.101018E+0	1.939125E+0
0.938485	2.442507E+0	8.042171E-2	2.130629E+0	1.988047E+0
0.938495	2.413540E+0	6.111057E-2	2.152193E+0	2.021842E+0
0.938505	2.371377E+0	4.083388E-2	2.165389E+0	2.054349E+0
0.938515	2.321167E+0	2.184460E-2	2.169573E+0	2.077845E+0
0.938525	2.262590E+0	1.567913E-3	2.165711E+0	2.089110E+0
0.938535	2.195000E+0	-2.353656E-2	2.153159E+0	2.092972E+0
0.938545	2.114536E+0	-4.123843E-2	2.130951E+0	2.090719E+0
0.938555	2.030532E+0	-5.926215E-2	2.100696E+0	2.076879E+0
0.938565	1.937516E+0	-7.986068E-2	2.061752E+0	2.058533E+0
0.938575	1.834201E+0	-1.017466E-1	2.015405E+0	2.030532E+0
0.938585	1.731529E+0	-1.191266E-1	1.960689E+0	1.990944E+0
0.938595	1.613087E+0	-1.390815E-1	1.898572E+0	1.945240E+0
0.938605	1.490138E+0	-1.545304E-1	1.828407E+0	1.894387E+0
0.938615	1.362684E+0	-1.735196E-1	1.751162E+0	1.834844E+0
0.938625	1.231690E+0	-1.915433E-1	1.667480E+0	1.766289E+0
0.938635	1.092971E+0	-2.082797E-1	1.576717E+0	1.693872E+0
0.938645	9.503897E-1	-2.237285E-1	1.479517E+0	1.611155E+0
0.938655	8.033028E-1	-2.362808E-1	1.377168E+0	1.526830E+0
0.938665	6.529975E-1	-2.507641E-1	1.269025E+0	1.431561E+0
0.938675	5.030140E-1	-2.629945E-1	1.156376E+0	1.333395E+0
0.938685	3.478811E-1	-2.749030E-1	1.038899E+0	1.230080E+0
0.938695	1.933919E-1	-2.826275E-1	9.172388E-1	1.123225E+0
0.938705	4.083388E-2	-2.916393E-1	7.926817E-1	1.008967E+0
0.938715	-1.126896E-1	-3.016167E-1	6.645842E-1	8.924561E-1
0.938725	-2.675004E-1	-3.070882E-1	5.335901E-1	7.740142E-1
0.938735	-4.264952E-1	-3.144908E-1	4.006649E-1	6.478478E-1
0.938745	-5.745470E-1	-3.183530E-1	2.658087E-1	5.203941E-1
0.938755	-7.264610E-1	-3.199623E-1	1.296651E-1	3.948715E-1
0.938765	-8.748345E-1	-3.257556E-1	-7.765801E-3	2.613027E-1
0.938775	-1.020311E+0	-3.260775E-1	-1.464841E-1	1.322399E-1
0.938785	-1.159995E+0	-3.257556E-1	-2.829493E-1	-3.259870E-3
0.938795	-1.293885E+0	-3.251119E-1	-4.184489E-1	-1.355411E-1
0.938805	-1.428741E+0	-3.206060E-1	-5.510519E-1	-2.681441E-1
0.938815	-1.552010E+0	-3.157782E-1	-6.826892E-1	-4.007471E-1
0.938825	-1.671416E+0	-3.096630E-1	-8.107861E-1	-5.269130E-1
0.938835	-1.782455E+0	-3.029041E-1	-9.353426E-1	-6.534007E-1
0.938845	-1.888987E+0	-2.948578E-1	-1.056037E+0	-7.786009E-1
0.938855	-1.986508E+0	-2.839149E-1	-1.173191E+0	-8.976860E-1
0.938865	-2.074695E+0	-2.720063E-1	-1.284873E+0	-1.013552E+0
0.938875	-2.159342E+0	-2.639600E-1	-1.391728E+0	-1.127488E+0
0.938885	-2.231437E+0	-2.523734E-1	-1.493111E+0	-1.233699E+0
0.938895	-2.296129E+0	-2.369245E-1	-1.589022E+0	-1.337335E+0
0.938905	-2.352131E+0	-2.221193E-1	-1.678497E+0	-1.435178E+0
0.938915	-2.397512E+0	-2.069922E-1	-1.760569E+0	-1.524974E+0
0.938925	-2.432593E+0	-1.899341E-1	-1.837491E+0	-1.610908E+0
0.938935	-2.460595E+0	-1.748070E-1	-1.906367E+0	-1.690727E+0
0.938945	-2.477009E+0	-1.542085E-1	-1.967519E+0	-1.765397E+0
0.938955	-2.485055E+0	-1.387596E-1	-2.021590E+0	-1.831698E+0
0.938965	-2.483124E+0	-1.178392E-1	-2.067615E+0	-1.893172E+0
0.938975	-2.471859E+0	-1.020685E-1	-2.105593E+0	-1.944990E+0
0.938985	-2.452226E+0	-8.018253E-2	-2.135203E+0	-1.990049E+0
0.938995	-2.418110E+0	-6.087141E-2	-2.156767E+0	-2.029314E+0
0.939005	-2.378201E+0	-3.962917E-2	-2.169963E+0	-2.060534E+0
0.939015	-2.326061E+0	-2.096174E-2	-2.174469E+0	-2.081132E+0
0.939025	-2.265231E+0	-2.616166E-3	-2.170285E+0	-2.090466E+0
0.939035	-2.198286E+0	2.184460E-2	-2.156767E+0	-2.095294E+0
0.939045	-2.120398E+0	3.890277E-2	-2.135847E+0	-2.095616E+0
0.939055	-2.036073E+0	6.014502E-2	-2.105915E+0	-2.080811E+0
0.939065	-1.943702E+0	8.106541E-2	-2.066971E+0	-2.063752E+0
0.939075	-1.840388E+0	1.019858E-1	-2.020303E+0	-2.032211E+0
0.939085	-1.733855E+0	1.196877E-1	-1.965588E+0	-1.996164E+0
0.939095	-1.615736E+0	1.409299E-1	-1.903149E+0	-1.950461E+0
0.939105	-1.495364E+0	1.570226E-1	-1.833951E+0	-1.900574E+0
0.939115	-1.365980E+0	1.747244E-1	-1.756707E+0	-1.841032E+0
0.939125	-1.236595E+0	1.924263E-1	-1.672382E+0	-1.772477E+0
0.939135	-1.098199E+0	2.088408E-1	-1.582264E+0	-1.699739E+0
0.939145	-9.556192E-1	2.249334E-1	-1.485065E+0	-1.618633E+0
0.939155	-8.078894E-1	2.381294E-1	-1.382716E+0	-1.531089E+0
0.939165	-6.575848E-1	2.526127E-1	-1.274896E+0	-1.439040E+0
0.939175	-5.066363E-1	2.641994E-1	-1.162248E+0	-1.340232E+0
0.939185	-3.515038E-1	2.744987E-1	-1.044128E+0	-1.233699E+0
0.939195	-1.957274E-1	2.835106E-1	-9.227904E-1	-1.127810E+0
0.939205	-4.445695E-2	2.928443E-1	-7.975902E-1	-1.018058E+0
0.939215	1.074573E-1	3.015343E-1	-6.704588E-1	-8.992952E-1
0.939225	2.658087E-1	3.082932E-1	-5.394652E-1	-7.795665E-1
0.939235	4.209416E-1	3.150521E-1	-4.055749E-1	-6.534007E-1
0.939245	5.725342E-1	3.205236E-1	-2.700752E-1	-5.256256E-1
0.939255	7.241270E-1	3.202018E-1	-1.329663E-1	-3.988160E-1
0.939265	8.705701E-1	3.269607E-1	4.464582E-3	-2.668567E-1
0.939275	1.017335E+0	3.263169E-1	1.422174E-1	-1.352192E-1
0.939285	1.153157E+0	3.237421E-1	2.786828E-1	-6.850528E-4
0.939295	1.292520E+0	3.250295E-1	4.135390E-1	1.306307E-1
0.939305	1.423193E+0	3.198799E-1	5.467860E-1	2.629120E-1
0.939315	1.548716E+0	3.160177E-1	6.774583E-1	3.935841E-1
0.939325	1.667480E+0	3.086151E-1	8.052339E-1	5.229689E-1
0.939335	1.777232E+0	3.024999E-1	9.304348E-1	6.484915E-1
0.939345	1.886019E+0	2.938098E-1	1.051774E+0	7.730486E-1
0.939355	1.982254E+0	2.844761E-1	1.167641E+0	8.924561E-1
0.939365	2.070120E+0	2.732113E-1	1.280290E+0	1.009611E+0
0.939375	2.153802E+0	2.622683E-1	1.386823E+0	1.123225E+0
0.939385	2.226542E+0	2.513253E-1	1.488207E+0	1.226218E+0
0.939395	2.288982E+0	2.355545E-1	1.584442E+0	1.329533E+0
0.939405	2.344663E+0	2.217149E-1	1.673917E+0	1.427699E+0
0.939415	2.390044E+0	2.059441E-1	1.756312E+0	1.518461E+0
0.939425	2.428023E+0	1.875985E-1	1.831948E+0	1.608259E+0
0.939435	2.455059E+0	1.744026E-1	1.901468E+0	1.686148E+0
0.939445	2.473083E+0	1.528385E-1	1.962942E+0	1.763714E+0
0.939455	2.478233E+0	1.377114E-1	2.016692E+0	1.827442E+0
0.939465	2.476945E+0	1.171129E-1	2.062717E+0	1.889881E+0
0.939475	2.466002E+0	1.000547E-1	2.101018E+0	1.941700E+0
0.939485	2.443472E+0	7.881245E-2	2.130951E+0	1.989978E+0
0.939495	2.412574E+0	6.239798E-2	2.152193E+0	2.024417E+0
0.939505	2.372664E+0	3.890277E-2	2.165389E+0	2.054993E+0
0.939515	2.321167E+0	1.991349E-2	2.169895E+0	2.077845E+0
0.939525	2.261946E+0	1.246060E-3	2.165711E+0	2.088788E+0
0.939535	2.193069E+0	-2.192730E-2	2.152515E+0	2.092650E+0
0.939545	2.114536E+0	-3.995102E-2	2.130951E+0	2.090719E+0
0.939555	2.030854E+0	-6.022770E-2	2.100696E+0	2.077201E+0
0.939565	1.937516E+0	-8.146994E-2	2.062396E+0	2.059821E+0
0.939575	1.833557E+0	-1.014248E-1	2.015405E+0	2.028601E+0
0.939585	1.728954E+0	-1.210578E-1	1.960689E+0	1.991909E+0
0.939595	1.613408E+0	-1.390815E-1	1.898250E+0	1.945240E+0
0.939605	1.489816E+0	-1.558178E-1	1.827442E+0	1.895031E+0
0.939615	1.363972E+0	-1.748070E-1	1.750840E+0	1.835166E+0
0.939625	1.230402E+0	-1.921871E-1	1.666514E+0	1.766611E+0
0.939635	1.092327E+0	-2.076359E-1	1.576073E+0	1.694516E+0
0.939645	9.503897E-1	-2.234067E-1	1.479517E+0	1.611799E+0
0.939655	8.026591E-1	-2.378900E-1	1.376846E+0	1.524255E+0
0.939665	6.523538E-1	-2.497986E-1	1.268703E+0	1.432526E+0
0.939675	5.043015E-1	-2.646037E-1	1.156054E+0	1.334683E+0
0.939685	3.482029E-1	-2.752249E-1	1.037934E+0	1.228149E+0
0.939695	1.940356E-1	-2.826275E-1	9.169170E-1	1.121294E+0
0.939705	3.922462E-2	-2.935704E-1	7.920380E-1	1.009933E+0
0.939715	-1.136552E-1	-3.019386E-1	6.642623E-1	8.911687E-1
0.939725	-2.694315E-1	-3.083756E-1	5.339119E-1	7.714394E-1
0.939735	-4.255297E-1	-3.154563E-1	4.009867E-1	6.475260E-1
0.939745	-5.739033E-1	-3.189967E-1	2.658087E-1	5.207159E-1
0.939755	-7.274265E-1	-3.199623E-1	1.286996E-1	3.942278E-1
0.939765	-8.751564E-1	-3.254338E-1	-8.731358E-3	2.593716E-1
0.939775	-1.023530E+0	-3.273649E-1	-1.468059E-1	1.315962E-1
0.939785	-1.160317E+0	-3.244682E-1	-2.839149E-1	-2.938018E-3
0.939795	-1.296138E+0	-3.241464E-1	-4.187708E-1	-1.365067E-1
0.939805	-1.428419E+0	-3.199623E-1	-5.516956E-1	-2.681441E-1
0.939815	-1.551688E+0	-3.167438E-1	-6.836547E-1	-4.010689E-1
0.939825	-1.672382E+0	-3.086975E-1	-8.111079E-1	-5.298096E-1
0.939835	-1.785030E+0	-3.025823E-1	-9.359863E-1	-6.566192E-1
0.939845	-1.889309E+0	-2.935704E-1	-1.056359E+0	-7.808539E-1
0.939855	-1.987152E+0	-2.855241E-1	-1.174478E+0	-8.973641E-1
0.939865	-2.076305E+0	-2.729719E-1	-1.285839E+0	-1.016449E+0
0.939875	-2.159020E+0	-2.639600E-1	-1.392693E+0	-1.128775E+0
0.939885	-2.232724E+0	-2.514078E-1	-1.494076E+0	-1.232733E+0
0.939895	-2.297738E+0	-2.369245E-1	-1.589988E+0	-1.336369E+0
0.939905	-2.349556E+0	-2.201882E-1	-1.678819E+0	-1.435178E+0
0.939915	-2.396546E+0	-2.076359E-1	-1.761213E+0	-1.524330E+0
0.939925	-2.435168E+0	-1.896122E-1	-1.837169E+0	-1.611874E+0
0.939935	-2.459951E+0	-1.725541E-1	-1.906367E+0	-1.691371E+0
0.939945	-2.477009E+0	-1.535648E-1	-1.967841E+0	-1.767006E+0
0.939955	-2.485699E+0	-1.358629E-1	-2.021590E+0	-1.831698E+0
0.939965	-2.484090E+0	-1.165518E-1	-2.067615E+0	-1.896712E+0
0.939975	-2.471216E+0	-9.852810E-2	-2.105593E+0	-1.944990E+0
0.939985	-2.448686E+0	-7.889513E-2	-2.135525E+0	-1.992302E+0
0.939995	-2.419076E+0	-6.087141E-2	-2.156767E+0	-2.029314E+0
0.940005	-2.377557E+0	-4.091657E-2	-2.170607E+0	-2.058925E+0
0.940015	-2.327348E+0	-1.999618E-2	-2.174147E+0	-2.080811E+0
0.940025	-2.267806E+0	1.567913E-3	-2.170285E+0	-2.094006E+0
0.940035	-2.195389E+0	2.184460E-2	-2.158055E+0	-2.097225E+0
0.940045	-2.123295E+0	3.793721E-2	-2.135847E+0	-2.096259E+0
0.940055	-2.034786E+0	6.207613E-2	-2.105915E+0	-2.081132E+0
0.940065	-1.943058E+0	8.203097E-2	-2.067615E+0	-2.063752E+0
0.940075	-1.840388E+0	1.019858E-1	-2.020624E+0	-2.032855E+0
0.940085	-1.732246E+0	1.193658E-1	-1.965588E+0	-1.994233E+0
0.940095	-1.615092E+0	1.406081E-1	-1.903471E+0	-1.951748E+0
0.940105	-1.493111E+0	1.567007E-1	-1.833307E+0	-1.900896E+0
0.940115	-1.364370E+0	1.760119E-1	-1.755741E+0	-1.841997E+0
0.940125	-1.234986E+0	1.930700E-1	-1.672382E+0	-1.772799E+0
0.940135	-1.097234E+0	2.085189E-1	-1.581942E+0	-1.700061E+0
0.940145	-9.549755E-1	2.230023E-1	-1.484421E+0	-1.619598E+0
0.940155	-8.078894E-1	2.390949E-1	-1.382716E+0	-1.532055E+0
0.940165	-6.556536E-1	2.526127E-1	-1.274252E+0	-1.438396E+0
0.940175	-5.063145E-1	2.651650E-1	-1.161282E+0	-1.339588E+0
0.940185	-3.515038E-1	2.738550E-1	-1.043485E+0	-1.235952E+0
0.940195	-1.970148E-1	2.815794E-1	-9.224685E-1	-1.126200E+0
0.940205	-4.349139E-2	2.934880E-1	-7.979120E-1	-1.015162E+0
0.940215	1.103540E-1	3.021780E-1	-6.698151E-1	-8.989734E-1
0.940225	2.667742E-1	3.089369E-1	-5.384996E-1	-7.795665E-1
0.940235	4.225509E-1	3.134428E-1	-4.049312E-1	-6.530788E-1
0.940245	5.725342E-1	3.195580E-1	-2.697534E-1	-5.265911E-1
0.940255	7.244488E-1	3.208455E-1	-1.329663E-1	-3.981723E-1
0.940265	8.699264E-1	3.276044E-1	4.464582E-3	-2.658912E-1
0.940275	1.017657E+0	3.266388E-1	1.422174E-1	-1.342537E-1
0.940285	1.156376E+0	3.237421E-1	2.786828E-1	-1.972462E-3
0.940295	1.293486E+0	3.256732E-1	4.145046E-1	1.322399E-1
0.940305	1.424802E+0	3.208455E-1	5.474297E-1	2.641994E-1
0.940315	1.547428E+0	3.137647E-1	6.781020E-1	3.942278E-1
0.940325	1.665871E+0	3.089369E-1	8.058776E-1	5.229689E-1
0.940335	1.779485E+0	3.021780E-1	9.304348E-1	6.504226E-1
0.940345	1.885054E+0	2.928443E-1	1.051774E+0	7.730486E-1
0.940355	1.982254E+0	2.822232E-1	1.168285E+0	8.898813E-1
0.940365	2.070442E+0	2.735331E-1	1.279646E+0	1.008645E+0
0.940375	2.154768E+0	2.635557E-1	1.387145E+0	1.121938E+0
0.940385	2.225898E+0	2.513253E-1	1.488851E+0	1.228471E+0
0.940395	2.290269E+0	2.352327E-1	1.584442E+0	1.328890E+0
0.940405	2.346916E+0	2.236460E-1	1.673917E+0	1.429952E+0
0.940415	2.391010E+0	2.081971E-1	1.756956E+0	1.521036E+0
0.940425	2.427380E+0	1.895297E-1	1.832591E+0	1.607937E+0
0.940435	2.452806E+0	1.744026E-1	1.901146E+0	1.686791E+0
0.940445	2.471796E+0	1.534822E-1	1.963264E+0	1.762105E+0
0.940455	2.478555E+0	1.383551E-1	2.017336E+0	1.827442E+0
0.940465	2.476623E+0	1.180784E-1	2.063683E+0	1.889238E+0
0.940475	2.466646E+0	1.019858E-1	2.101340E+0	1.941378E+0
0.940485	2.442507E+0	8.106541E-2	2.131273E+0	1.987403E+0
0.940495	2.412896E+0	6.111057E-2	2.152193E+0	2.022486E+0
0.940505	2.372020E+0	4.019018E-2	2.165067E+0	2.055637E+0
0.940515	2.322455E+0	2.055719E-2	2.169573E+0	2.077201E+0
0.940525	2.261302E+0	1.246060E-3	2.165711E+0	2.089110E+0
0.940535	2.191460E+0	-2.224915E-2	2.152837E+0	2.092006E+0
0.940545	2.115824E+0	-3.898546E-2	2.130629E+0	2.093294E+0
0.940555	2.029888E+0	-6.151511E-2	2.100696E+0	2.075592E+0
0.940565	1.937194E+0	-8.050439E-2	2.062396E+0	2.058855E+0
0.940575	1.833235E+0	-1.023903E-1	2.015083E+0	2.029245E+0
0.940585	1.726701E+0	-1.204140E-1	1.960046E+0	1.990944E+0
0.940595	1.611799E+0	-1.394033E-1	1.897928E+0	1.945562E+0
0.940605	1.488529E+0	-1.571052E-1	1.827764E+0	1.893744E+0
0.940615	1.363006E+0	-1.754507E-1	1.750518E+0	1.834201E+0
0.940625	1.228793E+0	-1.931526E-1	1.666514E+0	1.766611E+0
0.940635	1.088787E+0	-2.089234E-1	1.575752E+0	1.694838E+0
0.940645	9.510334E-1	-2.221193E-1	1.478873E+0	1.612443E+0
0.940655	8.023373E-1	-2.378900E-1	1.376846E+0	1.523289E+0
0.940665	6.510663E-1	-2.526952E-1	1.268381E+0	1.431883E+0
0.940675	5.023703E-1	-2.636382E-1	1.155089E+0	1.332430E+0
0.940685	3.478811E-1	-2.745812E-1	1.037934E+0	1.229759E+0
0.940695	1.911389E-1	-2.832712E-1	9.162733E-1	1.119363E+0
0.940705	4.083388E-2	-2.935704E-1	7.913943E-1	1.010254E+0
0.940715	-1.165518E-1	-3.012949E-1	6.636186E-1	8.930999E-1
0.940725	-2.678223E-1	-3.086975E-1	5.332682E-1	7.736923E-1
0.940735	-4.245641E-1	-3.125597E-1	4.000212E-1	6.478478E-1
0.940745	-5.755126E-1	-3.202841E-1	2.648431E-1	5.207159E-1
0.940755	-7.290358E-1	-3.186749E-1	1.283777E-1	3.935841E-1
0.940765	-8.764438E-1	-3.238245E-1	-9.053210E-3	2.587279E-1
0.940775	-1.020311E+0	-3.247901E-1	-1.474496E-1	1.315962E-1
0.940785	-1.162570E+0	-3.241464E-1	-2.839149E-1	-3.259870E-3
0.940795	-1.297103E+0	-3.238245E-1	-4.190926E-1	-1.352192E-1
0.940805	-1.430028E+0	-3.196404E-1	-5.529830E-1	-2.687878E-1
0.940815	-1.552975E+0	-3.157782E-1	-6.830110E-1	-4.020345E-1
0.940825	-1.672382E+0	-3.106286E-1	-8.114298E-1	-5.278785E-1
0.940835	-1.783742E+0	-3.022604E-1	-9.359863E-1	-6.543662E-1
0.940845	-1.890919E+0	-2.935704E-1	-1.057002E+0	-7.808539E-1
0.940855	-1.987796E+0	-2.839149E-1	-1.174156E+0	-8.976860E-1
0.940865	-2.077270E+0	-2.713626E-1	-1.285839E+0	-1.013231E+0
0.940875	-2.158698E+0	-2.646037E-1	-1.392050E+0	-1.125879E+0
0.940885	-2.233046E+0	-2.507641E-1	-1.494076E+0	-1.233699E+0
0.940895	-2.293876E+0	-2.375682E-1	-1.589666E+0	-1.337335E+0
0.940905	-2.351487E+0	-2.227630E-1	-1.678819E+0	-1.435499E+0
0.940915	-2.396546E+0	-2.076359E-1	-1.761213E+0	-1.526261E+0
0.940925	-2.432272E+0	-1.889685E-1	-1.837813E+0	-1.613805E+0
0.940935	-2.461560E+0	-1.741633E-1	-1.906689E+0	-1.692015E+0
0.940945	-2.477653E+0	-1.548522E-1	-1.967841E+0	-1.768937E+0
0.940955	-2.486664E+0	-1.394033E-1	-2.022234E+0	-1.830411E+0
0.940965	-2.484090E+0	-1.168737E-1	-2.067937E+0	-1.895103E+0
0.940975	-2.469928E+0	-9.981551E-2	-2.105593E+0	-1.945955E+0
0.940985	-2.451261E+0	-8.082624E-2	-2.135203E+0	-1.990371E+0
0.940995	-2.418754E+0	-6.280252E-2	-2.157411E+0	-2.027705E+0
0.941005	-2.378523E+0	-3.866361E-2	-2.169641E+0	-2.059247E+0
0.941015	-2.327670E+0	-2.128359E-2	-2.174147E+0	-2.080489E+0
0.941025	-2.267162E+0	-2.294314E-3	-2.169963E+0	-2.091110E+0
0.941035	-2.196999E+0	2.281016E-2	-2.157089E+0	-2.097547E+0
0.941045	-2.119755E+0	3.986833E-2	-2.135525E+0	-2.094650E+0
0.941055	-2.035430E+0	5.950131E-2	-2.105593E+0	-2.082098E+0
0.941065	-1.943058E+0	8.235282E-2	-2.066971E+0	-2.063431E+0
0.941075	-1.841032E+0	1.019858E-1	-2.019981E+0	-2.033177E+0
0.941085	-1.731924E+0	1.196877E-1	-1.965588E+0	-1.995520E+0
0.941095	-1.615414E+0	1.406081E-1	-1.902827E+0	-1.952714E+0
0.941105	-1.493433E+0	1.573444E-1	-1.832664E+0	-1.902505E+0
0.941115	-1.367589E+0	1.766556E-1	-1.755419E+0	-1.844572E+0
0.941125	-1.236274E+0	1.927482E-1	-1.672060E+0	-1.772156E+0
0.941135	-1.097234E+0	2.088408E-1	-1.581620E+0	-1.699739E+0
0.941145	-9.533663E-1	2.230023E-1	-1.484743E+0	-1.618311E+0
0.941155	-8.078894E-1	2.387731E-1	-1.382394E+0	-1.530767E+0
0.941165	-6.556536E-1	2.503598E-1	-1.273608E+0	-1.440327E+0
0.941175	-5.072800E-1	2.641994E-1	-1.161604E+0	-1.337657E+0
0.941185	-3.515038E-1	2.751424E-1	-1.043807E+0	-1.234664E+0
0.941195	-1.973367E-1	2.831887E-1	-9.218248E-1	-1.127488E+0