0.292991	1.476385E-2	        1.044371E+0             -3.640560E-1        1.078166E+0                      
0.292993	5.912017E-1	        1.272887E+0             -2.539826E-1        1.172469E+0                      
0.292995	1.131271E+0	        1.419974E+0             -1.274948E-1        1.195642E+0                      
0.292997	1.599891E+0	        1.478552E+0             6.717548E-3        1.145111E+0                      
0.292999	1.965517E+0	        1.446688E+0             1.418955E-1        1.023129E+0                      
0.293001	2.211415E+0	        1.325671E+0             2.670961E-1        8.370974E-1                      
0.293003	2.316018E+0	        1.120650E+0             3.765259E-1        6.031103E-1                      
0.293005	2.274176E+0	        8.428908E-1             4.614950E-1        3.266388E-1                      
0.293007	2.089753E+0	        5.129915E-1             5.194285E-1        3.246572E-2                      
0.293009	1.774979E+0	        1.499418E-1             5.442112E-1        -2.626726E-1                     
0.293011	1.346270E+0	        -2.176134E-1            5.358430E-1         -5.404308E-1                        
0.293013	8.342007E-1	        -5.739033E-1            4.923929E-1         -7.818195E-1                        
0.293015	2.677398E-1	        -8.909271E-1            4.193323E-1         -9.762177E-1                        
0.293017	-3.106286E-1        	-1.155811E+0        	3.198799E-1             	-1.109464E+0                        
0.293019	-8.764438E-1        	-1.346990E+0        	2.007945E-1             	-1.172547E+0                        
0.293021	-1.383038E+0        	-1.451914E+0        	6.786947E-2             	-1.162248E+0                        
0.293023	-1.804663E+0        	-1.466719E+0        	-6.763030E-2             	-1.077923E+0                        
0.293025	-2.112030E+0        	-1.391728E+0        	-1.999115E-1             	-9.289056E-1                        
0.293027	-2.287439E+0        	-1.230158E+0        	-3.189967E-1             	-7.177710E-1                        
0.293029	-2.319624E+0        	-9.874825E-1        	-4.181271E-1             	-4.612552E-1                        
0.293031	-2.204079E+0        	-6.810799E-1        	-4.911874E-1             	-1.735196E-1                        
0.293033	-1.955932E+0        	-3.318708E-1        	-5.333500E-1             	1.222625E-1                     
0.293035	-1.578723E+0        	3.536239E-2         	-5.413963E-1            	4.116079E-1                     
0.293037	-1.104958E+0        	4.029179E-1         	-5.156482E-1            	6.742398E-1                     
0.293039	-5.613511E-1        	7.411852E-1         	-4.577149E-1            	8.921343E-1                     
0.293041	1.733867E-2	        1.034715E+0             -3.704930E-1        1.055636E+0                      
0.293043	5.918454E-1	        1.264841E+0             -2.600978E-1        1.155089E+0                      
0.293045	1.132881E+0	        1.413537E+0             -1.329663E-1        1.182446E+0                      
0.293047	1.597959E+0	        1.474046E+0             1.567913E-3        1.132559E+0                      
0.293049	1.967770E+0	        1.442504E+0             1.370677E-1        1.014760E+0                      
0.293051	2.209162E+0	        1.321165E+0             2.629120E-1        8.300166E-1                      
0.293053	2.312799E+0	        1.118397E+0             3.720200E-1        5.947421E-1                      
0.293055	2.275142E+0	        8.390285E-1             4.579547E-1        3.237421E-1                      
0.293057	2.087500E+0	        5.094511E-1             5.162100E-1        2.731609E-2                      
0.293059	1.772083E+0	        1.492981E-1             5.413145E-1        -2.675004E-1                     
0.293061	1.347557E+0	        -2.205100E-1            5.326245E-1         -5.433274E-1                        
0.293063	8.345226E-1	        -5.732596E-1            4.907836E-1         -7.872909E-1                        
0.293065	2.677398E-1	        -8.918927E-1            4.164357E-1         -9.775051E-1                        
0.293067	-3.093412E-1        	-1.156776E+0        	3.169832E-1             	-1.111395E+0                        
0.293069	-8.745127E-1        	-1.348600E+0        	1.978978E-1             	-1.175766E+0                        
0.293071	-1.382394E+0        	-1.453845E+0        	6.593836E-2             	-1.165144E+0                        
0.293073	-1.803053E+0        	-1.468328E+0        	-7.020512E-2             	-1.080498E+0                        
0.293075	-2.111386E+0        	-1.391084E+0        	-2.021645E-1             	-9.321241E-1                        
0.293077	-2.288404E+0        	-1.231446E+0        	-3.212497E-1             	-7.203458E-1                        
0.293079	-2.320268E+0        	-9.874825E-1        	-4.200582E-1             	-4.644737E-1                        
0.293081	-2.207298E+0        	-6.801144E-1        	-4.931186E-1             	-1.754507E-1                        
0.293083	-1.954323E+0        	-3.331582E-1        	-5.349593E-1             	1.212970E-1                     
0.293085	-1.579045E+0        	3.600610E-2         	-5.436493E-1            	4.080675E-1                     
0.293087	-1.107211E+0        	4.003430E-1         	-5.175793E-1            	6.726305E-1                     
0.293089	-5.610293E-1        	7.418289E-1         	-4.596460E-1            	8.930999E-1                     
0.293091	1.637311E-2	        1.034393E+0             -3.714586E-1        1.054027E+0                      
0.293093	5.921673E-1	        1.264197E+0             -2.617071E-1        1.154445E+0                      
0.293095	1.132559E+0	        1.412893E+0             -1.348974E-1        1.180837E+0                      
0.293097	1.599569E+0	        1.472436E+0             6.023559E-4        1.130306E+0                      
0.293099	1.966483E+0	        1.441538E+0             1.354585E-1        1.011220E+0                      
0.293101	2.209805E+0	        1.321809E+0             2.619464E-1        8.300166E-1                      
0.293103	2.316018E+0	        1.117432E+0             3.713763E-1        5.953858E-1                      
0.293105	2.271923E+0	        8.396722E-1             4.569891E-1        3.214892E-1                      
0.293107	2.088466E+0	        5.110604E-1             5.149226E-1        2.635053E-2                      
0.293109	1.774658E+0	        1.499418E-1             5.397053E-1        -2.681441E-1                     
0.293111	1.347235E+0	        -2.208319E-1            5.316589E-1         -5.459022E-1                        
0.293113	8.348444E-1	        -5.748689E-1            4.888525E-1         -7.885783E-1                        
0.293115	2.693491E-1	        -8.896397E-1            4.161138E-1         -9.804018E-1                        
0.293117	-3.106286E-1        	-1.156776E+0        	3.163395E-1             	-1.113326E+0                        
0.293119	-8.748345E-1        	-1.349243E+0        	1.972541E-1             	-1.178662E+0                        
0.293121	-1.382394E+0        	-1.455776E+0        	6.529465E-2             	-1.165144E+0                        
0.293123	-1.802731E+0        	-1.467041E+0        	-7.117068E-2             	-1.082429E+0                        
0.293125	-2.111386E+0        	-1.393659E+0        	-2.024863E-1             	-9.314804E-1                        
0.293127	-2.285508E+0        	-1.229837E+0        	-3.218934E-1             	-7.213114E-1                        
0.293129	-2.321233E+0        	-9.871607E-1        	-4.210238E-1             	-4.660830E-1                        
0.293131	-2.204723E+0        	-6.814018E-1        	-4.940841E-1             	-1.780256E-1                        
0.293133	-1.955289E+0        	-3.321926E-1        	-5.352811E-1             	1.206532E-1                     
0.293135	-1.579367E+0        	3.407499E-2         	-5.436493E-1            	4.080675E-1                     
0.293137	-1.107533E+0        	4.009867E-1         	-5.185448E-1            	6.697338E-1                     
0.293139	-5.616730E-1        	7.415070E-1         	-4.596460E-1            	8.898813E-1                     
0.293141	1.540756E-2	        1.033428E+0             -3.721023E-1        1.052095E+0                      
0.293143	5.912017E-1	        1.263231E+0             -2.620289E-1        1.153801E+0                      
0.293145	1.133202E+0	        1.413537E+0             -1.352192E-1        1.179228E+0                      
0.293147	1.599247E+0	        1.471793E+0             -4.134846E-5        1.131593E+0                      
0.293149	1.968414E+0	        1.441217E+0             1.351366E-1        1.012507E+0                      
0.293151	2.209805E+0	        1.322452E+0             2.606590E-1        8.296948E-1                      
0.293153	2.315052E+0	        1.116144E+0             3.704107E-1        5.940984E-1                      
0.293155	2.274820E+0	        8.403159E-1             4.563454E-1        3.205236E-1                      
0.293157	2.089431E+0	        5.123478E-1             5.139570E-1        2.635053E-2                      
0.293159	1.773048E+0	        1.483325E-1             5.393834E-1        -2.710408E-1                     
0.293161	1.345948E+0	        -2.208319E-1            5.313371E-1         -5.455804E-1                        
0.293163	8.342007E-1	        -5.748689E-1            4.888525E-1         -7.892220E-1                        
0.293165	2.696709E-1	        -8.893179E-1            4.154701E-1         -9.807236E-1                        
0.293167	-3.074101E-1        	-1.157098E+0        	3.153740E-1             	-1.114292E+0                        
0.293169	-8.729034E-1        	-1.347634E+0        	1.962886E-1             	-1.179628E+0                        
0.293171	-1.381428E+0        	-1.454167E+0        	6.497280E-2             	-1.166110E+0                        
0.293173	-1.804341E+0        	-1.469616E+0        	-7.117068E-2             	-1.082107E+0                        
0.293175	-2.111708E+0        	-1.394624E+0        	-2.031300E-1             	-9.298711E-1                        
0.293177	-2.286151E+0        	-1.228549E+0        	-3.225371E-1             	-7.216332E-1                        
0.293179	-2.318336E+0        	-9.881262E-1        	-4.207019E-1             	-4.667267E-1                        
0.293181	-2.205045E+0        	-6.814018E-1        	-4.940841E-1             	-1.780256E-1                        
0.293183	-1.954001E+0        	-3.328364E-1        	-5.362467E-1             	1.180784E-1                     
0.293185	-1.578723E+0        	3.729351E-2         	-5.442930E-1            	4.077457E-1                     
0.293187	-1.104958E+0        	4.009867E-1         	-5.182230E-1            	6.710212E-1                     
0.293189	-5.613511E-1        	7.402196E-1         	-4.606115E-1            	8.898813E-1                     
0.293191	1.701682E-2	        1.034072E+0             -3.727460E-1        1.053061E+0                      
0.293193	5.915236E-1	        1.263875E+0             -2.620289E-1        1.150904E+0                      
0.293195	1.130950E+0	        1.412893E+0             -1.352192E-1        1.177940E+0                      
0.293197	1.598925E+0	        1.473402E+0             -3.632007E-4        1.129662E+0                      
0.293199	1.968092E+0	        1.442826E+0             1.348147E-1        1.011220E+0                      
0.293201	2.211093E+0	        1.321809E+0             2.606590E-1        8.306603E-1                      
0.293203	2.315374E+0	        1.116788E+0             3.700889E-1        5.940984E-1                      
0.293205	2.273211E+0	        8.419252E-1             4.563454E-1        3.198799E-1                      
0.293207	2.090397E+0	        5.117041E-1             5.139570E-1        2.409757E-2                      
0.293209	1.773370E+0	        1.496200E-1             5.390616E-1        -2.707189E-1                     
0.293211	1.348523E+0	        -2.201882E-1            5.310152E-1         -5.471896E-1                        
0.293213	8.374193E-1	        -5.735815E-1            4.885307E-1         -7.898657E-1                        
0.293215	2.696709E-1	        -8.912490E-1            4.154701E-1         -9.807236E-1                        
0.293217	-3.093412E-1        	-1.155167E+0        	3.156958E-1             	-1.115579E+0                        
0.293219	-8.732253E-1        	-1.348921E+0        	1.962886E-1             	-1.179306E+0                        
0.293221	-1.381107E+0        	-1.453845E+0        	6.497280E-2             	-1.168041E+0                        
0.293223	-1.802731E+0        	-1.469294E+0        	-7.117068E-2             	-1.084360E+0                        
0.293225	-2.110421E+0        	-1.394302E+0        	-2.037737E-1             	-9.330896E-1                        
0.293227	-2.283577E+0        	-1.230802E+0        	-3.225371E-1             	-7.213114E-1                        
0.293229	-2.318658E+0        	-9.861951E-1        	-4.213456E-1             	-4.667267E-1                        
0.293231	-2.207298E+0        	-6.826892E-1        	-4.937623E-1             	-1.793130E-1                        
0.293233	-1.954645E+0        	-3.321926E-1        	-5.362467E-1             	1.167910E-1                     
0.293235	-1.579367E+0        	3.504054E-2         	-5.439711E-1            	4.083894E-1                     
0.293237	-1.108177E+0        	4.009867E-1         	-5.195104E-1            	6.690901E-1                     
0.293239	-5.619948E-1        	7.408633E-1         	-4.599678E-1            	8.908469E-1                     
0.293241	1.637311E-2	        1.033106E+0             -3.733897E-1        1.052417E+0                      
0.293243	5.924891E-1	        1.263875E+0             -2.629945E-1        1.151548E+0                      
0.293245	1.131271E+0	        1.413537E+0             -1.355411E-1        1.181802E+0                      
0.293247	1.599247E+0	        1.473402E+0             -6.850528E-4        1.129018E+0                      
0.293249	1.965839E+0	        1.441217E+0             1.341710E-1        1.010576E+0                      
0.293251	2.209805E+0	        1.319878E+0             2.606590E-1        8.287292E-1                      
0.293253	2.315696E+0	        1.116788E+0             3.697670E-1        5.944202E-1                      
0.293255	2.274820E+0	        8.419252E-1             4.563454E-1        3.195580E-1                      
0.293257	2.089431E+0	        5.117041E-1             5.139570E-1        2.570683E-2                      
0.293259	1.774658E+0	        1.518729E-1             5.400271E-1        -2.710408E-1                     
0.293261	1.348201E+0	        -2.172915E-1            5.303715E-1         -5.481552E-1                        
0.293263	8.358100E-1	        -5.726159E-1            4.885307E-1         -7.901876E-1                        
0.293265	2.703146E-1	        -8.902834E-1            4.145046E-1         -9.816892E-1                        
0.293267	-3.096630E-1        	-1.156133E+0        	3.153740E-1             	-1.115901E+0                        
0.293269	-8.722597E-1        	-1.347634E+0        	1.966104E-1             	-1.177375E+0                        
0.293271	-1.381107E+0        	-1.453845E+0        	6.497280E-2             	-1.166754E+0                        
0.293273	-1.802410E+0        	-1.468650E+0        	-7.117068E-2             	-1.084360E+0                        
0.293275	-2.112352E+0        	-1.391084E+0        	-2.034519E-1             	-9.327678E-1                        
0.293277	-2.285830E+0        	-1.229515E+0        	-3.218934E-1             	-7.242080E-1                        
0.293279	-2.319302E+0        	-9.874825E-1        	-4.210238E-1             	-4.670486E-1                        
0.293281	-2.207620E+0        	-6.830110E-1        	-4.937623E-1             	-1.809222E-1                        
0.293283	-1.955611E+0        	-3.315489E-1        	-5.362467E-1             	1.180784E-1                     
0.293285	-1.579367E+0        	3.439684E-2         	-5.442930E-1            	4.058145E-1                     
0.293287	-1.107855E+0        	4.003430E-1         	-5.191885E-1            	6.687683E-1                     
0.293289	-5.626385E-1        	7.415070E-1         	-4.599678E-1            	8.905250E-1                     
0.293291	1.605126E-2	        1.035037E+0             -3.730678E-1        1.052417E+0                      
0.293293	5.912017E-1	        1.262909E+0             -2.626726E-1        1.150904E+0                      
0.293295	1.130950E+0	        1.412893E+0             -1.358629E-1        1.177940E+0                      
0.293297	1.597638E+0	        1.473080E+0             -1.328757E-3        1.129340E+0                      
0.293299	1.965839E+0	        1.443148E+0             1.338492E-1        1.011542E+0                      
0.293301	2.208196E+0	        1.322774E+0             2.600153E-1        8.303385E-1                      
0.293303	2.313765E+0	        1.118719E+0             3.704107E-1        5.937765E-1                      
0.293305	2.272889E+0	        8.399941E-1             4.563454E-1        3.202018E-1                      
0.293307	2.091363E+0	        5.110604E-1             5.139570E-1        2.538498E-2                      
0.293309	1.774014E+0	        1.502637E-1             5.387397E-1        -2.713626E-1                     
0.293311	1.348844E+0	        -2.189008E-1            5.306934E-1         -5.459022E-1                        
0.293313	8.354881E-1	        -5.745470E-1            4.885307E-1         -7.892220E-1                        
0.293315	2.699928E-1	        -8.912490E-1            4.148264E-1         -9.804018E-1                        
0.293317	-3.083756E-1        	-1.157098E+0        	3.156958E-1             	-1.115258E+0                        
0.293319	-8.716160E-1        	-1.348278E+0        	1.962886E-1             	-1.178662E+0                        
0.293321	-1.379819E+0        	-1.453845E+0        	6.497280E-2             	-1.166432E+0                        
0.293323	-1.803697E+0        	-1.468650E+0        	-7.117068E-2             	-1.083394E+0                        
0.293325	-2.110421E+0        	-1.392693E+0        	-2.037737E-1             	-9.340552E-1                        
0.293327	-2.284864E+0        	-1.229515E+0        	-3.222152E-1             	-7.254954E-1                        
0.293329	-2.319946E+0        	-9.894136E-1        	-4.216675E-1             	-4.676923E-1                        
0.293331	-2.206011E+0        	-6.826892E-1        	-4.940841E-1             	-1.786693E-1                        
0.293333	-1.954967E+0        	-3.334801E-1        	-5.365685E-1             	1.174347E-1                     
0.293335	-1.579367E+0        	3.471869E-2         	-5.446148E-1            	4.064582E-1                     
0.293337	-1.109786E+0        	3.996993E-1         	-5.191885E-1            	6.674808E-1                     
0.293339	-5.619948E-1        	7.398978E-1         	-4.602897E-1            	8.892376E-1                     
0.293341	1.572941E-2	        1.032784E+0             	-3.730678E-1        1.050486E+0                      
0.293343	5.902362E-1	        1.263875E+0             -2.626726E-1        1.151548E+0                      
0.293345	1.131915E+0	        1.412893E+0             -1.358629E-1        1.179871E+0                      
0.293347	1.597959E+0	        1.472115E+0             -1.328757E-3        1.129662E+0                      
0.293349	1.965517E+0	        1.443470E+0             1.338492E-1        1.012186E+0                      
0.293351	2.210449E+0	        1.321487E+0             2.606590E-1        8.284074E-1                      
0.293353	2.315696E+0	        1.118075E+0             3.697670E-1        5.947421E-1                      
0.293355	2.275142E+0	        8.399941E-1             4.560236E-1        3.185925E-1                      
0.293357	2.090397E+0	        5.133133E-1             5.133133E-1        2.506312E-2                      
0.293359	1.773370E+0	        1.489763E-1             5.387397E-1        -2.707189E-1                     
0.293361	1.347879E+0	        -2.201882E-1            5.300497E-1         -5.462241E-1                        
0.293363	8.358100E-1	        -5.742252E-1            4.882088E-1         -7.885783E-1                        
0.293365	2.699928E-1	        -8.912490E-1            4.148264E-1         -9.800799E-1                        
0.293367	-3.077319E-1        	-1.155489E+0        	3.156958E-1             	-1.115901E+0                        
0.293369	-8.722597E-1        	-1.347634E+0        	1.969323E-1             	-1.178662E+0                        
0.293371	-1.382716E+0        	-1.453201E+0        	6.432910E-2             	-1.167719E+0                        
0.293373	-1.802731E+0        	-1.469294E+0        	-7.149253E-2             	-1.083716E+0                        
0.293375	-2.109777E+0        	-1.392693E+0        	-2.034519E-1             	-9.334115E-1                        
0.293377	-2.286795E+0        	-1.228549E+0        	-3.222152E-1             	-7.235643E-1                        
0.293379	-2.320589E+0        	-9.874825E-1        	-4.213456E-1             	-4.673704E-1                        
0.293381	-2.205045E+0        	-6.810799E-1        	-4.940841E-1             	-1.809222E-1                        
0.293383	-1.957220E+0        	-3.350893E-1        	-5.365685E-1             	1.174347E-1
0.293385	-1.579367E+0        	3.310943E-2         	-5.446148E-1            	4.058145E-1            
0.293387	-1.107211E+0        	4.013086E-1         	-5.191885E-1            	6.674808E-1            
0.293389	-5.642478E-1        	7.408633E-1         	-4.602897E-1               	8.895595E-1            